90671958533   10155851498113534
90671958533   10155852469688534
90671958533   10155854707248534
90671958533   10155857311398534
90671958533   10155857944978534
90671958533   10155859984008534
90671958533   10155860685053534
90671958533   10155862812253534
90671958533   10155863428038534
90671958533   1287470874676072
9122810019   10154617125320020
9122810019   10154618839795020
9122810019   10154625174080020
9122810019   10154625751825020
9122810019   10154647333805020
9122810019   10154653605155020
9122810019   10154654115345020
9122810019   10154654470205020
9122810019   10154659423430020
9122810019   10154663191230020
9122810019   10154679995490020
9122810019   10154681527115020
9122810019   10154683468500020
9122810019   10154686222370020
9122810019   10154690686135020
9122810019   10154692730405020
9122810019   10154693271960020
9122810019   10154699221595020
9122810019   10154699968090020
9122810019   10154700361765020
9122810019   10154702431580020
9122810019   10154702858740020
9122810019   10154705037640020
9122810019   10154705829265020
9122810019   10154713210170020
9122810019   10154721699315020
9122810019   10154724914210020
9122810019   10154727210995020
9122810019   10154728187245020
9122810019   10154729846820020
9122810019   10154731242185020
9122810019   10154737101115020
9122810019   10154738891175020
9122810019   10154748413580020
9122810019   10154758439545020
9122810019   10154758793690020
9122810019   10154759001695020
9122810019   10154759675200020
9122810019   10154764759760020
9122810019   10154765216450020
9122810019   10154765786150020
9122810019   10154768810575020
9122810019   10154770591220020
9122810019   10154771333850020
9122810019   10154773669235020
9122810019   10154787617370020
9122810019   10154790557020020
9122810019   10154794784280020
9122810019   10154795750875020
9122810019   10154796086650020
9122810019   10154798113215020
9122810019   10154798488510020
9122810019   10154803594640020
9122810019   10154807958425020
9122810019   10154815877845020
9122810019   10154817450415020
9122810019   10154823994095020
9122810019   10154827322210020
9122810019   10154836660740020
9122810019   10154838316205020
9122810019   10154841269075020
9122810019   10154841599600020
9122810019   10154843225765020
9122810019   10154844479830020
9122810019   10154846996785020
9122810019   10154847357430020
9122810019   10154848429455020
9122810019   10154848974555020
9122810019   10154849848340020
9122810019   10154852856430020
9122810019   10154853237430020
9122810019   10154855622560020
9122810019   10154855974045020
9122810019   10154857746500020
9122810019   10154859784570020
9122810019   10154865585255020
9122810019   10154867188995020
9122810019   10154868327110020
9122810019   10154870098625020
9122810019   10154872547150020
9122810019   10154872875915020
9122810019   10154877668535020
9122810019   10154877925100020
9122810019   10154898898540020
9122810019   10154900729275020
9122810019   10154901994425020
9122810019   10154903204750020
9122810019   10154904938720020
9122810019   10154905359480020
9122810019   10154908047640020
9122810019   10154908442360020
9122810019   10154916550150020
9122810019   10154923653480020
9122810019   10154924245365020
9122810019   10154932021005020
9122810019   10154932185710020
9122810019   10154932469770020
9122810019   10154936058805020
9122810019   10154936408095020
9122810019   10154937450805020
9122810019   10154938428250020
9122810019   10154940279495020
9122810019   10154941596390020
9122810019   10154943229890020
9122810019   10154944216295020
9122810019   10154944654755020
9122810019   10154958369785020
9122810019   10154961312695020
9122810019   10154967484980020
9122810019   10154969772305020
9122810019   10154970206095020
9122810019   10154971352865020
9122810019   10154981425420020
9122810019   10154989687735020
9122810019   10154992407345020
9122810019   10154992747540020
9122810019   10154996302865020
9122810019   10155013738040020
9122810019   10155014810280020
9122810019   10155015744745020
9122810019   10155017495115020
9122810019   10155024497390020
9122810019   10155026330150020
9122810019   10155046432115020
9122810019   10155052165655020
9122810019   10155053623080020
9122810019   10155054910425020
9122810019   10155060760100020
9122810019   10155064399910020
9122810019   10155073963110020
9122810019   10155076040460020
9122810019   10155085560305020
9122810019   10155088180135020
9122810019   10155093093805020
9122810019   10155102825150020
9122810019   10155104572385020
9122810019   10155117645190020
9122810019   10155131356765020
9122810019   10155146836505020
9122810019   10155155477630020
9122810019   10155167108030020
9122810019   10155169551890020
9122810019   10155187555445020
9122810019   10155190288630020
9122810019   10155205060000020
9122810019   10155232022690020
9122810019   10155236720665020
9122810019   10155240156320020
9122810019   10155243755050020
9122810019   10155253891960020
9122810019   10155256833975020
9122810019   10155259655770020
9122810019   10155259962125020
9122810019   10155261434405020
9122810019   10155270142400020
9122810019   10155271209950020
9122810019   10155273379460020
9122810019   10155278330510020
9122810019   10155282140710020
9122810019   10155286121815020
9122810019   10155294374000020
9122810019   10155308073690020
9122810019   10155318826615020
9122810019   10155319004290020
9122810019   10155319907500020
9122810019   10155325082865020
9122810019   10155325803780020
9122810019   10155361240675020
9122810019   10155365732385020
9122810019   10155373172920020
9122810019   10155374092185020
9122810019   10155403057820020
9122810019   10155405429635020
9122810019   385687845127104
92979593115   10154824633053116
92979593115   10154828446237717
92979593115   10154888860393116
92979593115   10154905909448116
92979593115   10154945532033116
92979593115   10154971406508116
92979593115   10155000249078116
92979593115   10155000270788116
92979593115   10155014828223116
92979593115   10155014838028116
92979593115   10155014917208116
92979593115   10155035562738116
92979593115   10155035566338116
92979593115   10155035822388116
92979593115   10155044793613116
92979593115   10155060734598116
92979593115   10155063319253116
92979593115   10155066100583116
92979593115   10155066107638116
92979593115   10155066122658116
92979593115   10155066161983116
92979593115   10155066431923116
92979593115   10155066437178116
92979593115   10155102900078116
92979593115   10155119061668116
92979593115   10155161887443116
92979593115   10155176236293116
92979593115   10155176273208116
92979593115   10155179371603116
92979593115   10155180134423116
92979593115   10155180528413116
92979593115   10155200992013116
92979593115   10155313276288116
92979593115   10155332061263116
92979593115   10155342548698116
92979593115   10155399238998116
92979593115   10155472355443116
92979593115   10155491010768116
92979593115   10155505938948116
92979593115   10155511410353116
92979593115   10155542574333116
92979593115   10155542873838116
92979593115   10155544407138116
92979593115   10155566314348116
92979593115   10155570990738116
92979593115   10155587371308116
92979593115   10155604165943116
92979593115   10155604297923116
92979593115   10155605995213116
92979593115   10155624085903116
92979593115   10155629970548116
92979593115   1914600412162230
92979593115   1922291794726425
92979593115   1926979857590952
92979593115   1939453009676970
92979593115   1946312712324333
92979593115   1946318548990416
92979593115   1957104264578511
9465008123   10154069630351568
9465008123   10154181621161568
9465008123   10154191183816568
9465008123   10154300635531568
9465008123   10154359165791568
9465008123   10154382716961568
9465008123   10154396879646568
9465008123   10154486203483124
9465008123   10154487342068124
9465008123   10154494411853124
9465008123   10154494940413124
9465008123   10154495159433124
9465008123   10154495327008124
9465008123   10154497889168124
9465008123   10154499331728124
9465008123   10154500765443124
9465008123   10154503113838124
9465008123   10154503340093124
9465008123   10154503340548124
9465008123   10154511390033124
9465008123   10154512039873124
9465008123   10154512137133124
9465008123   10154514299553124
9465008123   10154514563198124
9465008123   10154514904583124
9465008123   10154515317568124
9465008123   10154516937328124
9465008123   10154517740118124
9465008123   10154518585828124
9465008123   10154518612908124
9465008123   10154521895618124
9465008123   10154522472888124
9465008123   10154524170058124
9465008123   10154524954378124
9465008123   10154525234083124
9465008123   10154525638178124
9465008123   10154525823148124
9465008123   10154526077298124
9465008123   10154527334803124
9465008123   10154527923268124
9465008123   10154528293518124
9465008123   10154528869773124
9465008123   10154531255668124
9465008123   10154532005468124
9465008123   10154535461413124
9465008123   10154537065628124
9465008123   10154537729443124
9465008123   10154540111828124
9465008123   10154540341953124
9465008123   10154544005278124
9465008123   10154545699973124
9465008123   10154549008803124
9465008123   10154549693333124
9465008123   10154552957283124
9465008123   10154557229403124
9465008123   10154562209473124
9465008123   10154562575373124
9465008123   10154562684508124
9465008123   10154563141893124
9465008123   10154565763838124
9465008123   10154566651588124
9465008123   10154568790713124
9465008123   10154569156723124
9465008123   10154569468858124
9465008123   10154576525478124
9465008123   10154579649143124
9465008123   10154580039023124
9465008123   10154583867703124
9465008123   10154584059468124
9465008123   10154586145288124
9465008123   10154586482888124
9465008123   10154586759078124
9465008123   10154586888138124
9465008123   10154588860508124
9465008123   10154589153188124
9465008123   10154589508998124
9465008123   10154592271723124
9465008123   10154596161793124
9465008123   10154598007373124
9465008123   10154598587823124
9465008123   10154599005293124
9465008123   10154600854193124
9465008123   10154600856888124
9465008123   10154604362938124
9465008123   10154604811288124
9465008123   10154605045323124
9465008123   10154605250978124
9465008123   10154605555238124
9465008123   10154606721083124
9465008123   10154607217228124
9465008123   10154610309493124
9465008123   10154610540078124
9465008123   10154612957783124
9465008123   10154617870093124
9465008123   10154621113218124
9465008123   10154621956648124
9465008123   10154623038093124
9465008123   10154623796708124
9465008123   10154624763258124
9465008123   10154626153563124
9465008123   10154627393128124
9465008123   10154627394393124
9465008123   10154627726728124
9465008123   10154628376813124
9465008123   10154631170298124
9465008123   10154631739028124
9465008123   10154632349018124
9465008123   10154632440673124
9465008123   10154638957468124
9465008123   10154639420943124
9465008123   10154641211118124
9465008123   10154644932748124
9465008123   10154646146633124
9465008123   10154646811868124
9465008123   10154647644568124
9465008123   10154647732268124
9465008123   10154650384313124
9465008123   10154652144108124
9465008123   10154652420393124
9465008123   10154652956358124
9465008123   10154654983768124
9465008123   10154655545178124
9465008123   10154656391283124
9465008123   10154658018098124
9465008123   10154660825408124
9465008123   10154662493823124
9465008123   10154663549023124
9465008123   10154664460078124
9465008123   10154667541003124
9465008123   10154669273403124
9465008123   10154669696583124
9465008123   10154669957538124
9465008123   10154670390388124
9465008123   10154670621683124
9465008123   10154670994193124
9465008123   10154671964583124
9465008123   10154672724393124
9465008123   10154675307593124
9465008123   10154680985928124
9465008123   10154681492433124
9465008123   10154684091738124
9465008123   10154687575748124
9465008123   10154688025488124
9465008123   10154688505558124
9465008123   10154689629393124
9465008123   10154690492908124
9465008123   10154690939523124
9465008123   10154693272178124
9465008123   10154695017873124
9465008123   10154698486738124
9465008123   10154701642763124
9465008123   10154702053648124
9465008123   10154702666303124
9465008123   10154703093783124
9465008123   10154703340848124
9465008123   10154706504108124
9465008123   10154708418088124
9465008123   10154708566713124
9465008123   10154709950573124
9465008123   10154713273088124
9465008123   10154716257733124
9465008123   10154716407688124
9465008123   10154717819608124
9465008123   10154720316153124
9465008123   10154720984688124
9465008123   10154721106143124
9465008123   10154723748248124
9465008123   10154723748473124
9465008123   10154724386848124
9465008123   10154724617658124
9465008123   10154727864893124
9465008123   10154730952828124
9465008123   10154739448278124
9465008123   10154741888273124
9465008123   10154743011968124
9465008123   10154746122708124
9465008123   10154748102553124
9465008123   10154748908823124
9465008123   10154751643873124
9465008123   10154752143723124
9465008123   10154752427498124
9465008123   10154753838843124
9465008123   10154761384038124
9465008123   10154761574418124
9465008123   10154763412258124
9465008123   10154763712268124
9465008123   10154764410453124
9465008123   10154764687693124
9465008123   10154766226738124
9465008123   10154766890113124
9465008123   10154767068548124
9465008123   10154768090853124
9465008123   10154768216943124
9465008123   10154768409158124
9465008123   10154770701723124
9465008123   10154771106093124
9465008123   10154775231718124
9465008123   10154775681603124
9465008123   10154778943608124
9465008123   10154779071293124
9465008123   10154781411178124
9465008123   10154781866798124
9465008123   10154782226433124
9465008123   10154782586233124
9465008123   10154784038363124
9465008123   10154785349163124
9465008123   10154788646093124
9465008123   10154788794743124
9465008123   10154790597978124
9465008123   10154791086358124
9465008123   10154795246148124
9465008123   10154795715303124
9465008123   10154796207353124
9465008123   10154798495178124
9465008123   10154798631523124
9465008123   10154804985868124
9465008123   10154805289568124
9465008123   10154805886643124
9465008123   10154808176123124
9465008123   10154808796783124
9465008123   10154809104208124
9465008123   10154809323638124
9465008123   10154813308098124
9465008123   10154813582178124
9465008123   10154818859483124
9465008123   10154819089408124
9465008123   10154822215878124
9465008123   10154822347558124
9465008123   10154824598213124
9465008123   10154828203003124
9465008123   10154829002848124
9465008123   10154831790843124
9465008123   10154831790848124
9465008123   10154832165313124
9465008123   10154832165753124
9465008123   10154832214103124
9465008123   10154833261718124
9465008123   10154833955113124
9465008123   10154836123618124
9465008123   10154838205273124
9465008123   10154839012658124
9465008123   10154839095598124
9465008123   10154840764388124
9465008123   10154842194678124
9465008123   10154843409598124
9465008123   10154846410628124
9465008123   10154846739638124
9465008123   10154848484678124
9465008123   10154848484703124
9465008123   10154848725608124
9465008123   10154851605738124
9465008123   10154854325518124
9465008123   10154854519983124
9465008123   10154855004783124
9465008123   10154855199448124
9465008123   10154855398728124
9465008123   10154857963078124
9465008123   10154858474773124
9465008123   10154858666613124
9465008123   10154860920838124
9465008123   10154861893668124
9465008123   10154864110903124
9465008123   10154864314683124
9465008123   10154867473968124
9465008123   10154867793058124
9465008123   10154868066943124
9465008123   10154869723248124
9465008123   10154870053848124
9465008123   10154870379678124
9465008123   10154876403613124
9465008123   10154878975678124
9465008123   10154879239838124
9465008123   10154879239918124
9465008123   10154880742918124
9465008123   10154881523803124
9465008123   10154881868753124
9465008123   10154882081883124
9465008123   10154882457898124
9465008123   10154883760363124
9465008123   10154884637788124
9465008123   10154887276938124
9465008123   10154888019663124
9465008123   10154890568133124
9465008123   10154895738933124
9465008123   10154896166098124
9465008123   10154898464668124
9465008123   10154898791223124
9465008123   10154902698078124
9465008123   10154904991263124
9465008123   10154908254023124
9465008123   10154908710233124
9465008123   10154908793893124
9465008123   10154911820873124
9465008123   10154912723798124
9465008123   10154914608003124
9465008123   10154921192128124
9465008123   10154921311833124
9465008123   10154921993053124
9465008123   10154924306458124
9465008123   10154924783113124
9465008123   10154925860333124
9465008123   10154927916738124
9465008123   10154928169118124
9465008123   10154929028188124
9465008123   10154931651468124
9465008123   10154932373813124
9465008123   10154932521638124
9465008123   10154932576398124
9465008123   10154940718013124
9465008123   10154946979868124
9465008123   10154948074958124
9465008123   10154950746083124
9465008123   10154953969398124
9465008123   10154960918453124
9465008123   10154967162888124
9465008123   10154971443358124
9465008123   10154974041623124
9465008123   10154977999828124
9465008123   10154983975633124
9465008123   10154986766693124
9465008123   10154987167403124
9465008123   10154988344978124
9465008123   10154990861708124
9465008123   10154993442963124
9465008123   10154994052943124
9465008123   10154997319518124
9465008123   10154998589143124
9465008123   10155001498228124
9465008123   10155004602953124
9465008123   10155004828113124
9465008123   10155005732178124
9465008123   10155007826573124
9465008123   10155012172773124
9465008123   10155014282928124
9465008123   10155014702793124
9465008123   10155018583728124
9465008123   10155019258588124
9465008123   10155021847978124
9465008123   10155022366583124
9465008123   10155023189443124
9465008123   10155023871718124
9465008123   10155025597013124
9465008123   10155025671868124
9465008123   10155029373878124
9465008123   10155032293313124
9465008123   10155035733058124
9465008123   10155038017343124
9465008123   10155041148368124
9465008123   10155046966603124
9465008123   10155048093513124
9465008123   10155056385323124
9465008123   10155061044863124
9465008123   10155065354413124
9465008123   10155066493043124
9465008123   10155069349858124
9465008123   10155073735633124
9465008123   10155085938253124
9465008123   10155100987278124
9465008123   10155101469753124
9465008123   10155103433438124
9465008123   10155104184068124
9465008123   10155110118303124
9465008123   10155111033813124
9465008123   10155113789028124
9465008123   10155114378598124
9465008123   10155114933138124
9465008123   10155115079418124
9465008123   10155115707788124
9465008123   10155115909248124
9465008123   10155116009093124
9465008123   10155116091613124
9465008123   10155117086283124
9465008123   10155119266773124
9465008123   10155119451433124
9465008123   10155121958873124
9465008123   10155122106533124
9465008123   10155129925158124
9465008123   10155130956508124
9465008123   10155133202993124
9465008123   10155143199073124
9465008123   10155147859863124
9465008123   10155150582638124
9465008123   10155164568798124
9465008123   10155165041213124
9465008123   10155166008048124
9465008123   10155167840958124
9465008123   10155168284088124
9465008123   10155169800533124
9465008123   10155175803268124
9465008123   10155178777183124
9465008123   10155179042738124
9465008123   10155179569028124
9465008123   10155186934033124
9465008123   10155189206633124
9465008123   10155190902953124
9465008123   10155192482128124
9465008123   10155192651108124
9465008123   10155194853993124
9465008123   10155195393463124
9465008123   10155198102113124
9465008123   10155198646728124
9465008123   10155200356633124
9465008123   10155208477498124
9465008123   10155211730118124
9465008123   10155214880988124
9465008123   10155215904598124
9465008123   10155218201173124
9465008123   10155218536073124
9465008123   10155220081538124
9465008123   10155232773383124
9465008123   10155233009943124
9465008123   10155233155008124
9465008123   10155233874103124
9465008123   10155236562298124
9465008123   10155237081108124
9465008123   10155239511598124
9465008123   10155240279713124
9465008123   10155241229853124
9465008123   10155242435803124
9465008123   10155242967223124
9465008123   10155243546678124
9465008123   10155243881343124
9465008123   10155249112998124
9465008123   10155255107003124
9465008123   10155255316188124
9465008123   10155256536603124
9465008123   10155258554148124
9465008123   10155258786278124
9465008123   10155259245793124
9465008123   10155262042013124
9465008123   10155262427268124
9465008123   10155267669283124
9465008123   10155274152598124
9465008123   10155276558408124
9465008123   10155280034583124
9465008123   10155282344358124
9465008123   10155283548018124
9465008123   10155285908728124
9465008123   10155286077208124
9465008123   10155286147473124
9465008123   10155288141623124
9465008123   10155288150273124
9465008123   10155297255238124
9465008123   10155297473408124
9465008123   10155297966818124
9465008123   10155300762733124
9465008123   10155300890143124
9465008123   10155303039478124
9465008123   10155305847963124
9465008123   10155305968808124
9465008123   10155307907263124
9465008123   10155315617038124
9465008123   10155318145888124
9465008123   10155320174678124
9465008123   10155320700478124
9465008123   10155326610688124
9465008123   10155328825058124
9465008123   10155329318613124
9465008123   10155336078723124
9465008123   10155338334523124
9465008123   10155341371763124
9465008123   10155344289943124
9465008123   10155344387583124
9465008123   10155344699148124
9465008123   10155347494403124
9465008123   10155348183273124
9465008123   10155350539358124
9465008123   10155353258883124
9465008123   10155356385348124
9465008123   10155357526068124
9465008123   10155358199023124
9465008123   10155359565663124
9465008123   10155360333323124
9465008123   10155362345353124
9465008123   10155363054158124
9465008123   10155365884383124
9465008123   10155366229758124
9465008123   10155366609678124
9465008123   10155805116388362
9465008123   10155988451163362
9465008123   10156048340918362
9465008123   10156211243138362
9465008123   10156264235798362
9465008123   1519978144702736
9465008123   1596648987035651
9465008123   1632940526739830
9465008123   1785116755073409
9465008123   1815411302051587
9465008123   1817336095184808
9465008123   1822905674614895
9465008123   1824026701182414
9465008123   1847758138796315
9465008123   1857536307831453
9465008123   1862296717355412
9465008123   643030535895491
9465008123   706489029552703
96585976469   10153819432346470
96585976469   10154014923321470
96585976469   10154015621156470
96585976469   10154017756701470
96585976469   10154026970116470
96585976469   10154029666861470
96585976469   10154078552631470
96585976469   10154083569536470
96585976469   10154085403506470
96585976469   10154091038766470
96585976469   10154106956871470
96585976469   10154128759036470
96585976469   10154133527041470
96585976469   10154134202346470
96585976469   10154135302761470
96585976469   10154141989361470
96585976469   10154164941626470
96585976469   10154199548226470
96585976469   10154221992036470
96585976469   10154225730896470
96585976469   10154238552146470
96585976469   10154261415371470
96585976469   10154264443571470
96585976469   10154267159461470
96585976469   10154268382571470
96585976469   10154276815866470
96585976469   10154286687401470
96585976469   10154289474036470
96585976469   10154315009551470
96585976469   10154325459141470
96585976469   10154330468731470
96585976469   10154347728786470
96585976469   10154355500036470
96585976469   10154382692056470
96585976469   10154403443406470
96585976469   10154410688976470
96585976469   10154444809521470
96585976469   10154456207876470
96585976469   10154459425876470
96585976469   10154459913441470
96585976469   10154488717666470
96585976469   10154490076136470
96585976469   10154490127371470
96585976469   10154490809826470
96585976469   10154490839511470
96585976469   10154491256311470
96585976469   10154526409006470
96585976469   10154530077986470
96585976469   10154538835716470
96585976469   10154559877146470
96585976469   10154573438321470
96585976469   10154575931421470
96585976469   10154579169241470
96585976469   10154581966961470
96585976469   10154584988471470
96585976469   10154597554271470
96585976469   10154598019491470
96585976469   10154610410086470
96585976469   10154615373471470
96585976469   10154617649656470
96585976469   10154627508356470
96585976469   10154630360606470
96585976469   10154632693446470
96585976469   10154634802421470
96585976469   10154637184946470
96585976469   10154642237046470
96585976469   10154645764606470
96585976469   10154655004371470
96585976469   10154676029721470
96585976469   10154686023041470
96585976469   10154689273496470
96585976469   10154696750251470
96585976469   10154700996851470
96585976469   10154703864641470
96585976469   10154709976046470
96585976469   10154715269531470
96585976469   10154722394876470
96585976469   10154726813551470
96585976469   10154732279956470
96585976469   10154737216946470
96585976469   10154746475536470
