102621172007   10154832370182008
102621172007   10154836911557008
102621172007   10154839821012008
102621172007   10154842459607008
102621172007   10154842725852008
102621172007   10154842727682008
102621172007   10154845144072008
102621172007   10154847871717008
102621172007   10154848022527008
102621172007   10154850018112008
102621172007   10154852714992008
102621172007   10154855788947008
102621172007   10154858490577008
102621172007   10154861386202008
102621172007   10154865653372008
102621172007   10154868906882008
102621172007   10154871385227008
102621172007   10154874257057008
102621172007   10154876967122008
102621172007   10154877431882008
102621172007   10154877519677008
102621172007   10154878051232008
102621172007   10154880258472008
102621172007   10154880534787008
102621172007   10154883548597008
102621172007   10154889144107008
102621172007   10154892229572008
102621172007   10154895823617008
102621172007   10154899598907008
102621172007   10154900462392008
102621172007   10154900493457008
102621172007   10154905468132008
102621172007   10154909582512008
102621172007   10154912729527008
102621172007   10154915504747008
102621172007   10154915640302008
102621172007   10154917649762008
102621172007   10154920313662008
102621172007   10154923409352008
102621172007   10154923653672008
102621172007   10154923790282008
102621172007   10154927023247008
102621172007   10154929662537008
102621172007   10154932485552008
102621172007   10154935239242008
102621172007   10154937529292008
102621172007   10154940415082008
102621172007   10154943969077008
102621172007   10154944023412008
102621172007   10154944087402008
