205200659535460   1174047959317387
205200659535460   1174566689265514
205200659535460   1174602252595291
205200659535460   1183021455086704
205200659535460   1193064594082390
205200659535460   1196926910362825
205200659535460   1197618073627042
205200659535460   1197653550290161
205200659535460   1198287213560128
205200659535460   1199514443437405
205200659535460   1202493343139515
205200659535460   1205381119517404
205200659535460   1211173382271511
205200659535460   1214921321896717
205200659535460   1215437821845067
205200659535460   1215447338510782
205200659535460   1215530145169168
205200659535460   1216524651736384
205200659535460   1217226581666191
205200659535460   1233164440072405
205200659535460   1235548476500668
205200659535460   1247009702021212
205200659535460   1254342794621236
205200659535460   1255414881180694
205200659535460   1256564487732400
205200659535460   1260789190643263
205200659535460   1262661820456000
205200659535460   1262913730430809
205200659535460   1271322096256639
205200659535460   1276711529051029
205200659535460   1277647342290781
205200659535460   1279279438794238
205200659535460   1279983098723872
205200659535460   1283424168379765
205200659535460   1284407904948058
205200659535460   1284882721567243
205200659535460   1285466231508892
205200659535460   1290402721015243
205200659535460   1305114479544067
205200659535460   1305645272824321
205200659535460   1307527905969391
205200659535460   1310391445683037
205200659535460   1312185068837008
205200659535460   1319616651427183
205200659535460   1324031130985735
205200659535460   1330209177034597
205200659535460   1330251477030367
205200659535460   1330995106956004
205200659535460   1331007243621457
205200659535460   1331071770281671
205200659535460   1334627253259456
205200659535460   1335800626475452
205200659535460   1343596562362525
205200659535460   1343607332361448
205200659535460   1345380438850804
205200659535460   1347388131983368
205200659535460   1352578238131024
205200659535460   1359192014136313
205200659535460   1364558176933030
205200659535460   1365179426870905
205200659535460   1365286203526894
205200659535460   1366484930073688
205200659535460   1370704799651701
205200659535460   1372622896126558
205200659535460   1372657626123085
205200659535460   1373469789375202
205200659535460   1373711289351052
205200659535460   1376756902379824
205200659535460   1379813208740860
205200659535460   1382106981844816
205200659535460   1382996468422534
205200659535460   1393979447324236
205200659535460   1395610397161141
205200659535460   1396366997085481
205200659535460   1397373700318144
205200659535460   1397379370317577
205200659535460   1397756353613212
205200659535460   1398256230229891
205200659535460   1399223060133208
205200659535460   1399230303465817
205200659535460   1400002000055314
205200659535460   1401082419947272
205200659535460   1401200383268809
205200659535460   1402245459830968
205200659535460   1403888226333358
205200659535460   1404267646295416
205200659535460   1406109236111257
205200659535460   1407690962619751
205200659535460   1410929352295912
205200659535460   1413640678691446
20582642681   10154989290317682
20582642681   10154990116447682
20582642681   10154995207372682
20582642681   10155008900657682
20582642681   10155026777747682
20582642681   10155028005772682
20582642681   10155048615447682
20582642681   10155054765172682
20582642681   10155055080432682
20582642681   10155055168287682
20582642681   10155055193187682
20582642681   10155055360407682
20582642681   10155055362277682
20582642681   10155055366212682
20582642681   10155057385107682
20582642681   10155066874082682
20582642681   10155066968117682
20582642681   10155067030612682
20582642681   10155073039682682
20582642681   10155073730952682
20582642681   10155073888147682
20582642681   10155073980567682
20582642681   10155079375972682
20582642681   10155089202137682
20582642681   10155090426222682
20582642681   10155093111742682
20582642681   10155093160062682
20582642681   10155102097112682
20582642681   10155111052672682
20582642681   10155117387587682
20582642681   10155126100957682
20582642681   10155126278937682
20582642681   10155141522197682
20582642681   10155141563057682
20582642681   10155143726902682
20582642681   10155145367847682
20582642681   10155149896532682
20582642681   10155150009177682
20582642681   10155161960677682
20582642681   10155164513332682
20582642681   10155164751177682
20582642681   10155164757572682
20582642681   10155164841967682
20582642681   10155165737537682
20582642681   10155168988937682
20582642681   10155174505577682
20582642681   10155174662542682
20582642681   10155181215137682
20582642681   10155189015297682
20582642681   10155192412397682
20582642681   10155207823257682
20582642681   10155212206472682
20582642681   10155213862487682
20582642681   10155216986407682
20582642681   10155217897522682
20582642681   10155226121617682
20582642681   10155229778987682
20582642681   10155232533462682
20582642681   10155238475317682
20582642681   10155239332292682
20582642681   10155240019987682
20582642681   10155251642572682
20582642681   10155253262727682
20582642681   10155256670252682
20582642681   10155263078732682
20582642681   10155268057982682
20582642681   10155270624512682
20582642681   10155278842192682
20582642681   10155280758637682
20582642681   10155282798257682
20582642681   10155286394427682
20582642681   10155290702547682
20582642681   10155296666932682
20582642681   10155296920347682
20582642681   10155300577367682
20582642681   10155304078712682
20582642681   10155309086832682
20582642681   10155311777382682
20582642681   10155316172747682
20582642681   10155323298682682
20582642681   10155323945907682
20582642681   10155326798672682
20582642681   10155330152262682
20582642681   10155333424617682
20582642681   10155343100157682
20582642681   10155346730112682
20582642681   10155347464777682
20582642681   10155348161987682
20582642681   10155348446692682
20582642681   10155351518952682
20582642681   10155351647337682
20582642681   10155352221737682
20582642681   10155363700042682
20582642681   10155366985702682
20582642681   10155367947757682
20582642681   10155370137587682
20582642681   10155374317462682
20582642681   10155381945342682
20582642681   10155382061692682
20582642681   10155385530682682
20582642681   10155386441322682
20582642681   10155388555697682
20582642681   10155388653947682
20582642681   10155390265942682
20582642681   10155392398907682
20582642681   10155392650637682
20582642681   10155392653127682
20582642681   10155397828077682
20582642681   10155398678662682
20582642681   10155400872357682
20582642681   10155407053357682
20582642681   10155408414662682
20582642681   10155409668712682
20582642681   10155412694962682
20582642681   10155415802942682
20582642681   10155418826332682
20582642681   10155420459137682
20582642681   10155421072302682
20582642681   10155428158992682
20582642681   10155429624677682
20582642681   10155431667492682
20582642681   10155432094272682
20582642681   10155435100727682
20582642681   10155440261947682
20582642681   10155440389782682
20582642681   10155443718097682
20582642681   10155444940847682
20582642681   10155447743377682
20582642681   10155456496657682
20582642681   10155459869442682
20582642681   10155463565787682
20582642681   10155467131487682
20582642681   10155467828052682
20582642681   10155468255617682
20582642681   10155479095482682
20582642681   10155482054177682
20582642681   10155485770092682
20582642681   10155498503447682
20582642681   10155500097812682
20582642681   10155502961217682
20582642681   10155503461067682
20582642681   10155514261577682
20582642681   10155517182952682
20582642681   10155523370547682
20582642681   10155530553997682
20582642681   10155530900832682
20582642681   10155533826182682
20582642681   10155535212597682
20582642681   10155538274047682
20582642681   10155549532787682
20582642681   10155553507092682
20582642681   10155554126712682
20582642681   10155556094057682
20582642681   10155556986327682
20582642681   10155557146487682
20582642681   10155559185397682
20582642681   10155559483902682
20582642681   10155582072922682
20582642681   10155611613587682
20582642681   10155614835077682
20582642681   10155619037787682
20582642681   10155619201442682
20582642681   10155622075287682
20582642681   10155628831152682
20582642681   10155636818042682
20582642681   10155640328637682
20582642681   10155646759767682
20582642681   10155646806522682
20582642681   10155659851982682
20582642681   10155664634192682
20582642681   10155670700167682
20582642681   10155671120152682
20582642681   10155671566122682
20582642681   10155673467002682
20582642681   10155685257482682
20582642681   10155688448997682
20582642681   10155690514987682
20582642681   10155696745412682
20582642681   10155698646207682
20582642681   10155704278317682
20582642681   10155709990252682
20582642681   10155713677767682
20582642681   10155718003877682
20582642681   10155724508862682
20582642681   10155725282377682
20582642681   10155732718072682
20582642681   10155745342982682
20582642681   10155745811897682
20582642681   10155750077952682
20582642681   10155753945232682
20582642681   10155764858832682
20582642681   10155765730222682
20582642681   10155768283562682
20582642681   10155769579567682
20582642681   10155770630302682
20582642681   10155773764127682
20582642681   10155775582372682
20582642681   10155776292242682
20582642681   10155777152707682
20582642681   10155782138852682
20582642681   10155784738807682
20582642681   10155784899022682
20582642681   10155787245452682
20582642681   10155788660172682
20582642681   10155793602332682
20582642681   10155794528377682
20582642681   10155797531937682
20582642681   10155798805902682
20582642681   10155802016427682
20582642681   10155810582597682
20582642681   10155816002967682
20582642681   10155817998237682
20582642681   10155825538752682
20582642681   10155826611442682
20582642681   10155829298977682
20582642681   10155829346322682
20582642681   10155832082917682
20582642681   10155834213702682
20582642681   10155834765277682
20582642681   10155838997672682
20582642681   10155843096077682
20582642681   10155845035942682
20582642681   10155847013077682
20582642681   10155849904472682
20582642681   10155852493872682
20582642681   10155853832687682
20582642681   10155855422667682
20582642681   10155858144682682
20582642681   10155864678612682
20582642681   10155866289857682
20582642681   10155866829472682
20582642681   10155867698322682
20582642681   10155870394722682
20582642681   10155875798022682
210735655688183   1264039453691126
210735655688183   1267434740018264
210735655688183   1306281252800279
210735655688183   1310672065694531
210735655688183   1312041072224297
210735655688183   1344451262316611
210735655688183   1348020705293000
210735655688183   1364999700261767
214145243182   10154466728628183
214145243182   10154498090733183
214145243182   10154498097928183
214145243182   10154498101858183
214145243182   10154498111808183
214145243182   10154498118698183
214145243182   10154498126833183
214145243182   10154498130898183
214145243182   10154517349748183
214145243182   10154517684668183
214145243182   10154522042858183
214145243182   10154538068568183
214145243182   10154538071583183
214145243182   10154538075633183
214145243182   10154538079683183
214145243182   10154538082123183
214145243182   10154538084578183
214145243182   10154551761613183
214145243182   10154556010628183
214145243182   10154560336378183
214145243182   10154560341018183
214145243182   10154560348763183
214145243182   10154560349733183
214145243182   10154560352553183
214145243182   10154560359933183
214145243182   10154568965993183
214145243182   10154573282353183
214145243182   10154581649058183
214145243182   10154581656183183
214145243182   10154581657278183
214145243182   10154581659498183
214145243182   10154581663163183
214145243182   10154581664473183
214145243182   10154581666248183
214145243182   10154596033733183
214145243182   10154596043703183
214145243182   10154596046413183
214145243182   10154604251038183
214145243182   10154610278093183
214145243182   10154611327423183
214145243182   10154611352408183
214145243182   10154613341903183
214145243182   10154613405173183
214145243182   10154613414333183
214145243182   10154613817613183
214145243182   10154624957608183
214145243182   10154624969673183
214145243182   10154624979528183
214145243182   10154624986303183
214145243182   10154625743463183
214145243182   10154625749913183
214145243182   10154625753143183
214145243182   10154633671903183
214145243182   10154642408478183
214145243182   10154643889533183
214145243182   10154643917738183
214145243182   10154643920143183
214145243182   10154644339803183
214145243182   10154644601693183
214145243182   10154644615353183
214145243182   10154644623203183
214145243182   10154644634788183
214145243182   10154644646548183
214145243182   10154645085538183
214145243182   10154657249023183
214145243182   10154657255133183
214145243182   10154660659933183
214145243182   10154660662843183
214145243182   10154660731033183
214145243182   10154660871518183
214145243182   10154660947528183
214145243182   10154661236073183
214145243182   10154665546383183
214145243182   10154666235313183
214145243182   10154666240768183
214145243182   10154666272768183
214145243182   10154666274758183
214145243182   10154668523893183
214145243182   10154671436323183
214145243182   10154671598958183
214145243182   10154671654378183
214145243182   10154671819948183
214145243182   10154674975963183
214145243182   10154677901168183
214145243182   10154684811473183
214145243182   10154684821808183
214145243182   10154685626328183
214145243182   10154687442953183
214145243182   10154687453743183
214145243182   10154692237703183
214145243182   10154695124873183
214145243182   10154695664298183
214145243182   10154703938863183
214145243182   10154704017138183
214145243182   10154704045433183
214145243182   10154704060623183
214145243182   10154704503653183
214145243182   10154707576988183
214145243182   10154714394623183
214145243182   10154714553293183
214145243182   10154714647898183
214145243182   10154715109448183
214145243182   10154717334848183
214145243182   10154720525398183
214145243182   10154720602313183
214145243182   10154720799853183
214145243182   10154720857043183
214145243182   10154720899183183
214145243182   10154726913238183
214145243182   10154726942293183
214145243182   10154726945603183
214145243182   10154726960828183
214145243182   10154726964483183
214145243182   10154732424513183
214145243182   10154734136108183
214145243182   10154738584378183
214145243182   10154738596928183
214145243182   10154746776643183
214145243182   10154746781673183
214145243182   10154746838738183
214145243182   10154749416328183
214145243182   10154749464123183
214145243182   10154749467643183
214145243182   10154749577473183
214145243182   10154750288133183
214145243182   10154752390498183
214145243182   10154752928203183
214145243182   10154757068243183
214145243182   10154766785143183
214145243182   10154766791198183
214145243182   10154766843388183
214145243182   10154767517853183
214145243182   10154767866248183
214145243182   10154775117573183
214145243182   10154776214613183
214145243182   10154779314943183
214145243182   10154786664103183
214145243182   10154786721718183
214145243182   10154786949128183
214145243182   10154787027123183
214145243182   10154792685983183
214145243182   10154798054188183
214145243182   10154798101998183
214145243182   10154806314578183
214145243182   10154812134343183
214145243182   10154812138008183
214145243182   10154812152768183
214145243182   10154816234393183
214145243182   10154816247678183
214145243182   10154818787323183
214145243182   10154822615143183
214145243182   10154822643043183
214145243182   10154822670498183
214145243182   10154822705188183
214145243182   10154836263678183
214145243182   10154838019328183
214145243182   10154838021248183
214145243182   10154838050698183
214145243182   10154839084818183
214145243182   10154839087223183
214145243182   10154845151748183
214145243182   10154848603973183
214145243182   10154857624343183
214145243182   10154857627748183
214145243182   10154857635043183
214145243182   10154857639263183
214145243182   10154857644733183
214145243182   10154857659403183
214145243182   10154857686518183
214145243182   10154857717203183
214145243182   10154858065023183
214145243182   10154859108648183
214145243182   10154863979238183
214145243182   10154864097413183
214145243182   10154878657233183
214145243182   10154883580243183
214145243182   10154885529753183
214145243182   10154885566753183
214145243182   10154885623063183
214145243182   10154897271683183
214145243182   10154899785328183
214145243182   10154902835518183
214145243182   10154902838248183
214145243182   10154903632633183
214145243182   10154912199348183
214145243182   10154913010638183
214145243182   10154919350868183
214145243182   10154919356503183
214145243182   10154919359133183
214145243182   10154919406118183
214145243182   10154919412093183
214145243182   10154933933328183
214145243182   10154941867078183
214145243182   10154941951053183
214145243182   10154941953858183
214145243182   10154941967878183
214145243182   10154942501113183
214145243182   10154945117958183
214145243182   10154945263883183
214145243182   10154945377103183
214145243182   10154945480198183
214145243182   10154950180253183
214145243182   10154951659273183
214145243182   10154963702298183
214145243182   10154964754218183
214145243182   10154965764238183
214145243182   10154971156048183
214145243182   10154985213593183
214145243182   10154985316903183
214145243182   10154995974843183
214145243182   10155003661978183
214145243182   10155004659798183
214145243182   10155004662288183
214145243182   10155004670123183
214145243182   10155004676623183
214145243182   10155008345083183
214145243182   10155025772558183
214145243182   10155025780688183
214145243182   10155031265593183
214145243182   10155039067478183
214145243182   10155049032553183
214145243182   10155050519023183
214145243182   10155050568598183
214145243182   10155050572793183
214145243182   10155050586123183
214145243182   10155051476503183
214145243182   10155051915958183
214145243182   10155055040888183
214145243182   10155058446603183
214145243182   10155061943743183
214145243182   10155061993393183
214145243182   10155062016848183
214145243182   10155086623938183
214145243182   10155086898923183
214145243182   10155110793463183
214145243182   10155120344798183
214145243182   10155120530783183
214145243182   10155126629568183
214145243182   10155132999503183
214145243182   10155133118543183
214145243182   10155147228603183
214145243182   10155150355378183
214145243182   10155150526458183
214145243182   10155152884438183
214145243182   10155166227748183
214145243182   10155172836243183
214145243182   10155183088868183
214145243182   10155183094343183
214145243182   10155203961703183
214145243182   10155208391903183
214145243182   10155208394533183
214145243182   10155210353288183
214145243182   10155215967138183
214145243182   10155224872208183
214145243182   10155229198128183
214145243182   10155229590273183
214145243182   10155229604608183
214145243182   10155244143653183
214145243182   10155244829978183
214145243182   10155247796208183
214145243182   10155252168633183
214145243182   10155264123038183
214145243182   10155268405728183
214145243182   10155268529448183
214145243182   10155282154408183
214145243182   10155285382043183
214145243182   10155287209323183
214145243182   10155289791778183
214145243182   10155292305128183
214145243182   10155294886078183
214145243182   10155299814913183
214145243182   10155305700173183
214145243182   10155308395833183
214145243182   10155311240153183
214145243182   10155319434748183
214145243182   10155326070418183
214145243182   10155327334528183
214344758576590   1411941508816903
214344758576590   1412692628741791
214344758576590   1412694798741574
214344758576590   1413606645317056
214344758576590   1413804318630622
214344758576590   1413912668619787
214344758576590   1414481788562875
214344758576590   1414721245205596
214344758576590   1414723645205356
214344758576590   1414724628538591
214344758576590   1414919628519091
214344758576590   1415341915143529
214344758576590   1415572835120437
214344758576590   1416241315053589
214344758576590   1416434465034274
214344758576590   1417065544971166
214344758576590   1419989708012083
214344758576590   1420864891257898
214344758576590   1420976004580120
214344758576590   1421741457836908
214344758576590   1421913407819713
214344758576590   1424759320868455
214344758576590   1425567300787657
214344758576590   1426587160685671
214344758576590   1427530980591289
214344758576590   1428617470482640
214344758576590   1428667483810972
214344758576590   1429336107077443
214344758576590   1429430053734715
214344758576590   1433189866692067
214344758576590   1434479883229732
214344758576590   1435706139773773
214344758576590   1435758183101902
214344758576590   1436828226328231
214344758576590   1442506925760361
214344758576590   1443409155670138
214344758576590   1444475098896877
214344758576590   1444529525558101
214344758576590   1444558095555244
214344758576590   1444583725552681
214344758576590   1444754682202252
214344758576590   1448858191791901
214344758576590   1449142468430140
214344758576590   1450220971655623
214344758576590   1452254694785584
214344758576590   1453116031366117
214344758576590   1455981207746266
214344758576590   1456612731016447
214344758576590   1456917170986003
214344758576590   1457977494213304
214344758576590   1458685650809155
214344758576590   1458723287472058
214344758576590   1459156577428729
214344758576590   1460422357302151
214344758576590   1462118490465871
214344758576590   1464234163587637
214344758576590   1464838200193900
214344758576590   1464933416851045
214344758576590   1465085990169121
214344758576590   1465788676765519
214344758576590   1465898776754509
214344758576590   1465980233413030
214344758576590   1466905136653873
214344758576590   1468526809825039
214344758576590   1469954686348918
214344758576590   1471144362896617
214344758576590   1472024826141904
214344758576590   1472064866137900
214344758576590   1472133706131016
214344758576590   1472698652741188
214344758576590   1472894162721637
214344758576590   1473678709309849
214344758576590   1473998192611234
214344758576590   1476518679025852
214344758576590   1476795522331501
214344758576590   1477538802257173
214344758576590   1477833495561037
214344758576590   1477935142217539
214344758576590   1478762308801489
214344758576590   1480203661990687
214344758576590   1480320678645652
214344758576590   1480353195309067
214344758576590   1481340248543695
214344758576590   1482338841777169
214344758576590   1484716438206076
214344758576590   1484718811539172
214344758576590   1484878724856514
214344758576590   1485524724791914
214344758576590   1486695594674827
214344758576590   1486788884665498
214344758576590   1487743027903417
214344758576590   1488461034498283
214344758576590   1488505161160537
214344758576590   1490886570922396
214344758576590   1491449557532764
214344758576590   1492749807402739
214344758576590   1492870790723974
214344758576590   1492875100723543
214344758576590   1493998070611246
214344758576590   1494680393876347
214344758576590   1494740200537033
214344758576590   1494978350513218
214344758576590   1497136320297421
214344758576590   1498096066868113
214344758576590   1498173450193708
214344758576590   1499000416777678
214344758576590   1499284136749306
214344758576590   1500145166663203
214344758576590   1500371849973868
214344758576590   1502275279783525
214344758576590   1502276133116773
214344758576590   1502285519782501
214344758576590   1503346356343084
214344758576590   1503394076338312
214344758576590   1504300932914293
214344758576590   1505581516119568
214344758576590   1506643792680007
214344758576590   1506793009331752
214344758576590   1507951625882557
214344758576590   1508291252515261
214344758576590   1510693942274992
214344758576590   1510768742267512
214344758576590   1510909802253406
214344758576590   1512124242131962
214344758576590   1512373008773752
214344758576590   1513723185305401
214344758576590   1515364835141236
214344758576590   1516869831657403
214344758576590   1518146508196402
214344758576590   1519097328101320
214344758576590   1520500804627639
214344758576590   1521576127853440
214344758576590   1521879907823062
214344758576590   1522549091089477
214344758576590   1523188821025504
214344758576590   1525112764166443
214344758576590   1526666634011056
214344758576590   1527708173906902
214344758576590   1529124037098649
214344758576590   1530550073622712
214344758576590   1530619116949141
214344758576590   1530836066927446
214344758576590   1531609800183406
214344758576590   1533701453307574
214344758576590   1534232126587840
214344758576590   1535242919820094
214344758576590   1536123603065359
214344758576590   1536983689646017
214344758576590   1537260909618295
214344758576590   1537264169617969
214344758576590   1537265166284536
214344758576590   1537415592936160
214344758576590   1538105956200457
214344758576590   1538108232866896
214344758576590   1538111672866552
214344758576590   1538154329528953
214344758576590   1538327209511665
214344758576590   1540367069307679
214344758576590   1542165669127819
214344758576590   1542165755794477
214344758576590   1542287575782295
214344758576590   1542345759109810
214344758576590   1542540729090313
214344758576590   1543446628999723
214344758576590   1544247718919614
214344758576590   1545316668812719
214344758576590   1545540142123705
214344758576590   1546355418708844
214344758576590   1548144365196616
214344758576590   1549542468390139
214344758576590   1550397318304654
214344758576590   1550693798275006
214344758576590   1552274324783620
214344758576590   1552598704751182
214344758576590   1553155608028825
214344758576590   1554099811267738
214344758576590   1555093321168387
214344758576590   1556103971067322
214344758576590   1556315334379519
214344758576590   1556982850979434
214344758576590   1557822040895515
214344758576590   1558731947471191
214344758576590   1559761194034933
214344758576590   1560810490596670
214344758576590   1561986820479037
214344758576590   1562307927113593
214344758576590   1563523960325323
214344758576590   1564576150220104
214344758576590   1565591330118586
214344758576590   1566140820063637
214344758576590   1568444339833285
214344758576590   1569498186394567
214344758576590   1571114392899613
214344758576590   1572072872803765
214344758576590   1573536832657369
214344758576590   1574267092584343
214344758576590   1574431689234550
214344758576590   1574970209180698
214344758576590   1575965919081127
214344758576590   1576615265682859
214344758576590   1576615285682857
214344758576590   1577050242306028
214344758576590   1578179928859726
214344758576590   1579337235410662
214344758576590   1580286125315773
214344758576590   1580647818612937
214344758576590   1581233551887697
214344758576590   1582394245104961
214344758576590   1583370308340688
214344758576590   1583629081648144
214344758576590   1584542834890102
214344758576590   1585498604794525
214344758576590   1585605648117154
214344758576590   1586915944652791
214344758576590   1587744141236638
214344758576590   1588795704464815
214344758576590   1589087084435677
214344758576590   1589145887763130
214344758576590   1591104850900567
214344758576590   1592041864140199
214344758576590   1593146624029723
214344758576590   1594296630581389
214344758576590   1594319110579141
214344758576590   1595359253808460
214344758576590   1595393600471692
214344758576590   1595405200470532
214344758576590   1596346110376441
214344758576590   1596659260345126
214344758576590   1597367203607665
214344758576590   1598214226856296
214344758576590   1598739270137125
214344758576590   1599545666723152
214344758576590   1599580050053047
214344758576590   1600499186627800
214344758576590   1602070969803955
214344758576590   1603166869694365
214344758576590   1603481776329541
214344758576590   1605177746159944
214344758576590   1607131359297916
214344758576590   1608565409154511
214344758576590   1609919445685774
214344758576590   1609935562350829
214344758576590   1610530582291327
214344758576590   1613320825345636
214344758576590   1614169268594125
214344758576590   1614176841926701
214344758576590   1614997838511268
214344758576590   1617566934921025
214344758576590   1618637394813979
214344758576590   1619703394707379
214344758576590   1621169787894073
214344758576590   1621805514497167
214344758576590   1622212887789763
214344758576590   1622786407732411
214344758576590   1625487694128949
214344758576590   1626208714056847
214344758576590   1626614514016267
214344758576590   1627699690574416
214344758576590   1628519783825740
214344758576590   1629849043692814
214344758576590   1629856660358719
214344758576590   1630713323606386
214344758576590   1631840956826956
214344758576590   1632905706720481
214344758576590   1634208519923533
214344758576590   1635149249829460
214344758576590   1635466296464422
214344758576590   1636535109690874
214344758576590   1637414342936284
214344758576590   1638129942864724
214344758576590   1639059259438459
214344758576590   1640424195968632
214344758576590   1641308695880182
214344758576590   1641986259145759
214344758576590   1643236722354046
214344758576590   1643750668969318
214344758576590   1643825182295200
214344758576590   1644244312253287
214344758576590   1645272015483850
214344758576590   1645847115426340
214344758576590   1648003941877324
214344758576590   1648140585196993
214344758576590   1648842961793422
214344758576590   1649932131684505
214344758576590   1650125928331792
214344758576590   1651061471571571
214344758576590   1651809271496791
214344758576590   1652537951423923
214344758576590   1653521767992208
214344758576590   1653845484626503
214344758576590   1654666537877731
214344758576590   1655623724448679
214344758576590   1656724437671941
214344758576590   1657329247611460
214344758576590   1657430374268014
214344758576590   1658129944198057
214344758576590   1659111184099933
214344758576590   1659539597390425
214344758576590   1660256363985415
214344758576590   1661016620576056
214344758576590   1662119050465813
214344758576590   1662762137068171
214344758576590   1662909583720093
214344758576590   1663093100368408
214344758576590   1663823280295390
214344758576590   1664727073538344
214344758576590   1665395053471546
214344758576590   1665640190113699
214344758576590   1666296400048078
214344758576590   1666640626680322
214344758576590   1667391296605255
214344758576590   1667623863248665
214344758576590   1668061119871606
214344758576590   1668208109856907
214344758576590   1668238743187177
214344758576590   1668284896515895
214344758576590   1668339059843812
214344758576590   1668363993174652
214344758576590   1669262449751473
214344758576590   1672852286059156
214344758576590   1674019372609114
214344758576590   1674970912513960
214344758576590   1675002439177474
214344758576590   1675603669117351
214344758576590   1675870042424047
214344758576590   1676387672372284
214344758576590   1676401559037562
214344758576590   1678293732181678
214344758576590   1680135725330812
214344758576590   1681213068556411
214344758576590   1681725108505207
214344758576590   1682081935136191
214344758576590   1683035115040873
214344758576590   1683580581652993
214344758576590   1684470141564037
214344758576590   1685392104805174
214344758576590   1685460014798383
214344758576590   1686581278019590
214344758576590   1689059857771732
214344758576590   1689100154434369
214344758576590   1689107157767002
214344758576590   1690047347672983
214344758576590   1692040870806964
214344758576590   1693080017369716
214344758576590   1693871317290586
214344758576590   1693882520622799
214344758576590   1694552830555768
214344758576590   1695181173826267
214344758576590   1695414323802952
214344758576590   1696326370378414
21601839939   10154944990564940
21601839939   10154986750459940
21601839939   10154989392419940
21601839939   10154989824674940
21601839939   10154992430384940
21601839939   10154994900339940
21601839939   10154998037269940
21601839939   10155000586949940
21601839939   10155003484204940
21601839939   10155006247784940
21601839939   10155009038854940
21601839939   10155011634494940
21601839939   10155013004244940
21601839939   10155014458019940
21601839939   10155019701364940
21601839939   10155020007689940
21601839939   10155020566234940
21601839939   10155023513439940
21601839939   10155023714134940
21601839939   10155024296419940
21601839939   10155026822419940
21601839939   10155027860054940
21601839939   10155031683669940
21601839939   10155033991959940
21601839939   10155034322224940
21601839939   10155034346094940
21601839939   10155037029529940
21601839939   10155037758214940
21601839939   10155040787679940
21601839939   10155046498074940
21601839939   10155047374919940
21601839939   10155053965124940
21601839939   10155058193974940
21601839939   10155062605744940
21601839939   10155067116799940
21601839939   10155070985219940
21601839939   10155071811864940
21601839939   10155073247529940
21601839939   10155075872879940
21601839939   10155078992844940
21601839939   10155081811339940
21601839939   10155088326069940
21601839939   10155091451609940
21601839939   10155091899884940
21601839939   10155092887879940
21601839939   10155094417019940
21601839939   10155095053664940
21601839939   10155097777639940
21601839939   10155098494909940
21601839939   10155099046154940
21601839939   10155100461659940
21601839939   10155100901349940
21601839939   10155101473534940
21601839939   10155103327624940
21601839939   10155104811459940
21601839939   10155106328034940
21601839939   10155106470624940
21601839939   10155107854089940
21601839939   10155109541724940
21601839939   10155110183239940
21601839939   10155114169139940
21601839939   10155116111799940
21601839939   10155118659914940
21601839939   10155119809434940
21601839939   10155121831324940
21601839939   10155122708799940
21601839939   10155124409299940
21601839939   10155125239819940
21601839939   10155126952829940
21601839939   10155127385019940
21601839939   10155130362424940
21601839939   10155138946004940
21601839939   10155142528789940
21601839939   10155145411224940
21601839939   10155148143269940
21601839939   10155151052099940
21601839939   10155151274114940
21601839939   10155157926094940
21601839939   10155162416529940
21601839939   10155167631119940
21601839939   10155180124949940
21601839939   10155183269634940
21601839939   10155185217459940
21601839939   10155187718489940
21601839939   10155191453909940
21601839939   10155194644629940
21601839939   10155197750629940
21601839939   10155198655099940
21601839939   10155200961314940
21601839939   10155207238579940
21601839939   10155210274464940
21601839939   10155214486164940
21601839939   10155217899259940
21601839939   10155219744934940
21601839939   10155221624089940
21601839939   10155222536039940
21601839939   10155226289429940
21601839939   10155226777179940
21601839939   10155230641279940
21601839939   10155233971749940
21601839939   10155234181394940
21601839939   10155234408444940
21601839939   10155235347779940
21601839939   10155236757299940
21601839939   10155240142134940
21601839939   10155240895679940
21601839939   10155246407039940
21601839939   10155246702449940
21601839939   10155249534979940
21601839939   10155250647999940
21601839939   10155255074939940
21601839939   10155256419884940
21601839939   10155258099514940
21601839939   10155258927329940
21601839939   10155261348484940
21601839939   10155264799699940
21601839939   10155267158624940
21601839939   10155268307549940
21601839939   10155269886799940
21601839939   10155273090779940
21601839939   10155274321369940
21601839939   10155276172379940
21601839939   10155279046934940
21601839939   10155282360284940
21601839939   10155284836759940
21601839939   10155287328124940
21601839939   10155290332814940
21601839939   10155296533344940
21601839939   10155297732149940
21601839939   10155303287639940
21601839939   10155303954449940
21601839939   10155304735359940
21601839939   10155309095924940
21601839939   10155312432319940
21601839939   10155315839049940
21601839939   10155317368129940
21601839939   10155319358134940
21601839939   10155322278119940
21601839939   10155324218234940
21601839939   10155325717569940
21601839939   10155327162464940
21601839939   10155329002499940
21601839939   10155330546864940
21601839939   10155332929454940
21601839939   10155334434794940
21601839939   10155336054394940
21601839939   10155337830664940
21601839939   10155340020864940
21601839939   10155341083244940
21601839939   10155343064794940
21601839939   10155346389514940
21601839939   10155349683674940
21601839939   10155352857349940
21601839939   10155353291569940
21601839939   10155359812814940
21601839939   10155362699514940
21601839939   10155369037999940
21601839939   10155372297204940
21601839939   10155372910854940
21601839939   10155374948619940
21601839939   10155381481114940
21601839939   10155390355499940
21601839939   10155391624119940
21601839939   10155393191344940
21601839939   10155396288614940
21601839939   10155401913359940
21601839939   10155402250359940
21601839939   10155405093834940
21601839939   10155407911574940
21601839939   10155411067644940
21601839939   10155411171894940
21601839939   10155414141549940
21601839939   10155418204959940
21601839939   10155419080869940
21601839939   10155420898389940
21601839939   10155423948274940
21601839939   10155425563569940
21601839939   10155427131934940
21601839939   10155429986299940
21601839939   10155434080469940
21601839939   10155437684514940
21601839939   10155441083344940
21601839939   10155444241684940
21601839939   10155446388094940
21601839939   10155449650784940
21601839939   10155454456439940
21601839939   10155461063589940
21601839939   10155466804569940
21601839939   10155466855144940
21601839939   10155466899874940
21601839939   10155468035459940
21601839939   10155470055514940
21601839939   10155476504329940
21601839939   10155477795694940
21601839939   10155481865329940
21601839939   10155483395584940
21601839939   10155486837834940
21601839939   10155490176264940
21601839939   10155491034914940
21601839939   10155493407494940
21601839939   10155493807484940
21601839939   10155496317539940
21601839939   10155503297994940
21601839939   10155506822324940
21601839939   10155510226209940
21601839939   10155513605169940
21601839939   10155516915264940
21601839939   10155520636239940
21601839939   10155523566774940
21601839939   10155530121149940
21601839939   10155533249134940
21601839939   10155533875959940
21601839939   10155534735719940
21601839939   10155536544214940
21601839939   10155537435204940
21601839939   10155539973614940
21601839939   10155543619484940
21601839939   10155544910449940
21601839939   10155546529599940
21601839939   10155550597784940
21601839939   10155553707634940
21601839939   10155554868734940
21601839939   10155557163249940
21601839939   10155560868314940
21601839939   10155562789874940
21601839939   10155565867364940
21601839939   10155568344349940
21601839939   10155569059314940
21601839939   10155577897694940
21601839939   10155581850804940
21601839939   10155586635464940
21601839939   10155590304214940
21601839939   10155592194034940
21601839939   10155593986194940
21601839939   10155596153584940
21601839939   10155599133609940
21601839939   10155599862769940
21601839939   10155603117134940
21601839939   10155606918954940
21601839939   10155611184284940
21601839939   10155614822459940
21601839939   10155618229369940
21601839939   10155623859479940
21601839939   10155634246649940
21601839939   10155637935024940
21601839939   10155642042659940
21601839939   10155645265199940
21601839939   10155648332899940
21601839939   10155660251414940
21601839939   10155663907799940
21601839939   10155667398529940
21601839939   10155670828304940
21601839939   10155674182949940
21601839939   10155677996814940
21601839939   10155681330059940
21601839939   10155684995199940
21601839939   10155688431329940
21601839939   10155695536519940
21601839939   10155698903294940
21601839939   10155701926129940
21601839939   10155704685074940
21601839939   10155707553944940
21601839939   10155710098119940
21601839939   10155712801904940
21601839939   10155715533789940
21601839939   10155718325234940
21601839939   10155718428449940
21601839939   10155722817804940
21601839939   10155724850779940
21601839939   10155727692584940
21601839939   10155728589229940
21601839939   10155730786549940
21601839939   10155733844039940
21601839939   10155736777399940
21601839939   10155739472594940
21601839939   10155740405704940
21601839939   10155742332039940
21601839939   10155745589804940
21601839939   10155747996714940
21601839939   10155749676169940
21601839939   10155751013399940
21601839939   10155756752769940
21601839939   10155757581869940
21601839939   10155762542609940
21601839939   10155765316229940
21601839939   10155768357229940
21601839939   10155770969329940
21601839939   10155774244314940
21601839939   10155776466979940
21601839939   10155778125709940
21601839939   10155779551099940
21601839939   10155785139314940
21601839939   10155789062444940
21601839939   10155790636379940
21601839939   10155791126834940
21601839939   10155793870189940
21601839939   10155794836099940
21601839939   10155797166354940
21601839939   10155797347854940
21601839939   10155798067634940
21601839939   10155799639819940
21601839939   10155801145104940
21601839939   10155802503074940
21601839939   10155805236334940
21601839939   10155807001674940
21601839939   10155811171934940
21601839939   10155811780319940
21601839939   10155812032804940
21601839939   10155812060194940
21601839939   10155812072839940
21601839939   10155812091954940
21601839939   10155813799209940
21601839939   10155816489484940
21601839939   10155819286864940
21601839939   10155820542524940
21601839939   10155822130244940
21601839939   10155825067459940
21601839939   10155827256924940
21601839939   10155830112814940
21601839939   10155830938824940
21601839939   10155835715359940
21601839939   10155838642674940
21601839939   10155838708309940
21601839939   10155840725274940
21601839939   10155843704669940
21601839939   10155845947869940
21601839939   10155849176024940
21601839939   10155849330079940
21601839939   10155851718519940
21601839939   10155854284834940
21601839939   10155856869239940
21601839939   10155860109939940
21601839939   10155865631679940
21601839939   10155868277939940
21601839939   10155869706864940
21601839939   10155871483164940
21601839939   10155876740559940
21601839939   10155879311729940
21601839939   10155880514084940
218299471593750   1220530328037321
218299471593750   1221601921263495
218299471593750   1222103877879966
218299471593750   1227932683963752
218299471593750   1229945630429124
218299471593750   1250808151676205
218299471593750   1252334618190225
218299471593750   1256003474490006
218299471593750   1259238740833146
218299471593750   1259890510767969
218299471593750   1262622453828108
218299471593750   1265250933565260
218299471593750   1270562143034139
218299471593750   1272868532803500
218299471593750   1278800622210291
218299471593750   1285413054882381
218299471593750   1286735331416820
218299471593750   1288148704608816
218299471593750   1288462837910736
218299471593750   1293118590778494
218299471593750   1299180910172262
218299471593750   1303048826452137
218299471593750   1305576346199385
218299471593750   1306600599430293
218299471593750   1307473786009641
218299471593750   1313333105423709
218299471593750   1314480755308944
218299471593750   1315537755203244
218299471593750   1315656485191371
218299471593750   1319398724817147
218299471593750   1320423451381341
218299471593750   1321604484596571
218299471593750   1321664614590558
218299471593750   1323452017745151
218299471593750   1329479797142373
218299471593750   1330506850373001
218299471593750   1334403939983292
218299471593750   1335779576512395
218299471593750   1341777235912629
218299471593750   1342392272517792
218299471593750   1342748125815540
218299471593750   1342761885814164
218299471593750   1347240175366335
218299471593750   1348079975282355
218299471593750   1348081625282190
218299471593750   1349926448431041
218299471593750   1349933095097043
218299471593750   1349938481763171
218299471593750   1352673938156292
218299471593750   1359399657483720
218299471593750   1359615680795451
218299471593750   1360443100712709
218299471593750   1360470480709971
218299471593750   1362965163793836
218299471593750   1362996873790665
218299471593750   1363161450440874
218299471593750   1369474029809616
218299471593750   1373905792699773
218299471593750   1373926302697722
218299471593750   1374443745979311
218299471593750   1375739625849723
218299471593750   1376015479155471
218299471593750   1380834775340208
218299471593750   1382053908551628
218299471593750   1383041115119574
218299471593750   1383046441785708
218299471593750   1383945868362432
218299471593750   1384945481595804
218299471593750   1384960491594303
218299471593750   1384962524927433
218299471593750   1389999031090449
218299471593750   1391010637655955
218299471593750   1391962520894100
218299471593750   1394486683975017
218299471593750   1394763960613956
218299471593750   1397654360324916
218299471593750   1399087393514946
218299471593750   1405206712903014
218299471593750   1406001652823520
218299471593750   1409824152441270
218299471593750   1410950378995314
218299471593750   1413973605359658
218299471593750   1417346908355661
218299471593750   1418480418242310
218299471593750   1420477868042565
218299471593750   1425888124168206
218299471593750   1426040687486283
218299471593750   1426273414129677
218299471593750   1427933950630290
218299471593750   1429050520518633
218299471593750   1433095416780810
218299471593750   1435656946524657
218299471593750   1440610532695965
218299471593750   1440649696025382
218299471593750   1445927092164309
218299471593750   1446063808817304
218299471593750   1447866278637057
218299471593750   1451359781621040
218299471593750   1451490474941304
218299471593750   1451728298250855
218299471593750   1451735161583502
218299471593750   1451740144916337
218299471593750   1452281658195519
218299471593750   1458631890893829
218299471593750   1461199537303731
218299471593750   1465108440246174
218299471593750   1465124503577901
218299471593750   1465965583493793
218299471593750   1465980120159006
218299471593750   1465981693492182
218299471593750   1472954176128267
218299471593750   1475995565824128
218299471593750   1476590542431297
218299471593750   1478594725564212
218299471593750   1481695501920801
218299471593750   1484273678329650
223700263326   10155678697723327
223700263326   10155683210543327
223700263326   10155686897333327
223700263326   10155691057503327
223700263326   10155695004358327
223700263326   10155698237108327
223700263326   10155701843258327
223700263326   10155704698043327
223700263326   10155707977933327
223700263326   10155711217853327
223700263326   10155720191638327
223700263326   10155727365363327
223700263326   10155730744333327
223700263326   10155737264053327
223700263326   10155741031398327
223700263326   10155743938053327
223700263326   10155747172283327
223700263326   10155751575003327
223700263326   10155755643223327
223700263326   10155760835903327
223700263326   10155765853753327
223700263326   10155771088388327
223700263326   10155774667833327
223700263326   10155780736463327
223700263326   10155781638983327
223700263326   10155786705513327
223700263326   10155790964798327
223700263326   10155794887388327
223700263326   10155797147443327
223700263326   10155804512038327
223700263326   10155807579053327
223700263326   10155811254248327
223700263326   10155814430253327
223700263326   10155817917988327
223700263326   10155817929453327
223700263326   10155828265493327
223700263326   10155831069378327
223700263326   10155845361348327
223700263326   10155854252028327
223700263326   10155857782493327
223700263326   10155861142393327
223700263326   10155865306803327
223700263326   10155865374953327
223700263326   10155867650578327
223700263326   10155874180508327
223700263326   10155877713478327
223700263326   10155880777393327
223700263326   10155884472778327
223700263326   10155890696093327
223700263326   10155893491978327
223700263326   10155897623493327
223700263326   10155901438798327
223700263326   10155904637803327
223700263326   10155908209688327
223700263326   10155912231593327
223700263326   10155922041148327
223700263326   10155934309073327
223700263326   10155937356698327
223700263326   10155943792093327
223700263326   10155946966713327
223700263326   10155950651033327
223700263326   10155950821063327
223700263326   10155954248563327
223700263326   10155958218833327
223700263326   10155962131578327
223700263326   10155965209883327
223700263326   10155968407338327
223700263326   10155971901893327
223700263326   10155976685873327
223700263326   10155979436248327
223700263326   10155983133683327
223700263326   10155987434048327
223700263326   10155990375078327
223700263326   10155994373958327
223700263326   10155997223648327
223700263326   10156000856038327
223700263326   10156003927693327
223700263326   10156008344763327
223700263326   10156010850163327
223700263326   10156014049043327
223700263326   10156018059213327
223700263326   10156021641443327
223700263326   10156025381918327
223700263326   10156039302688327
223700263326   10156043775058327
223700263326   10156048912158327
223700263326   10156052275493327
223700263326   10156057028628327
223700263326   10156064853473327
223700263326   10156068634588327
223700263326   10156072861163327
223700263326   10156078065338327
223700263326   10156080787718327
223700263326   10156080810498327
223700263326   10156080817478327
223700263326   10156081029593327
223700263326   10156084449743327
223700263326   10156084903533327
223700263326   10156084909478327
223700263326   10156084913948327
223700263326   10156090026883327
223700263326   10156090708058327
223700263326   10156091579788327
223700263326   10156100498713327
223700263326   10156104287913327
223700263326   10156111642303327
223700263326   10156112516448327
223700263326   10156119566203327
223700263326   10156125558983327
223700263326   10156129100163327
223700263326   10156136094723327
223700263326   10156136286678327
223700263326   10156136352473327
223700263326   10156149631773327
223700263326   10156154151673327
223700263326   10156156431818327
223700263326   10156159963718327
223700263326   10156163778798327
223700263326   10156164126863327
223700263326   10156166982808327
223700263326   10156170795873327
223700263326   10156173932188327
223700263326   10156182518133327
223700263326   10156187124733327
223700263326   10156194872503327
223700263326   10156201081493327
223700263326   10156204636298327
223700263326   10156208868198327
223700263326   10156211925013327
223700263326   10156219772178327
223700263326   10156226486793327
223700263326   10156229753353327
223700263326   10156237667033327
223700263326   10156241806773327
223700263326   10156253051373327
223700263326   10156257228863327
223700263326   10156258267678327
223700263326   10156261592383327
223700263326   10156265912898327
223700263326   10156269705633327
223700263326   10156274046888327
223700263326   10156282085603327
223700263326   10156285631153327
223700263326   10156289613833327
223700263326   10156293029013327
223700263326   10156300752523327
223700263326   10156302015028327
223700263326   10156305162373327
223700263326   10156315810948327
223700263326   10156320186163327
223700263326   10156327559848327
223700263326   10156331503868327
223700263326   10156332466358327
223700263326   10156338946168327
223700263326   10156348385478327
223700263326   10156352015973327
223700263326   10156357108933327
223700263326   10156359045063327
223700263326   10156361281893327
223700263326   10156368114488327
223700263326   10156371032853327
223700263326   10156375283828327
223700263326   10156385920128327
223700263326   10156393521783327
223700263326   10156397738598327
223700263326   10156401840878327
223700263326   10156411462648327
223700263326   10156414506608327
223700263326   10156424428578327
223700263326   10156428994668327
223700263326   10156433023838327
223700263326   10156437514118327
223700263326   10156443015863327
223700263326   10156447344628327
223700263326   10156450340113327
223700263326   10156455606368327
223700263326   10156455611963327
223700263326   10156455619578327
223700263326   10156455625103327
223700263326   10156474128258327
223700263326   10156479222013327
223700263326   10156480435293327
223700263326   10156491629313327
223700263326   10156495376958327
223700263326   10156498902483327
223700263326   10156503598968327
223700263326   10156509157883327
223700263326   10156516174743327
223700263326   10156519802823327
223700263326   10156526621548327
223700263326   10156529887578327
223700263326   10156536984203327
223700263326   10156537563868327
223700263326   10156537570393327
223700263326   10156537573173327
223700263326   10156537578708327
223700263326   10156540449948327
223700263326   10156543944288327
223700263326   10156547569643327
223700263326   10156550829073327
223700263326   10156557798243327
223700263326   10156565065543327
223700263326   10156568336368327
223700263326   10156575260883327
223700263326   10156581664183327
223700263326   10156588941428327
223700263326   10156589846298327
223700263326   10156589877343327
223700263326   10156591717713327
223700263326   10156599816773327
223700263326   10156609756623327
223700263326   10156613486553327
223700263326   10156616832528327
223700263326   10156628261628327
223700263326   10156633751883327
223700263326   10156634630543327
223700263326   10156636918068327
223700263326   10156640238403327
223700263326   10156643445538327
223700263326   10156647417853327
223700263326   10156652725728327
223700263326   10156656688673327
223700263326   10156660057113327
223700263326   10156663807758327
223700263326   10156666895678327
223700263326   10156670534353327
223700263326   10156677067408327
223700263326   10156680628473327
223700263326   10156683913308327
223700263326   10156687525833327
223700263326   10156690780988327
223700263326   10156693855433327
223700263326   10156700401083327
223700263326   10156704001513327
223700263326   10156706933828327
223700263326   541266649590040
224383614973   10154913802439974
224383614973   10154944608689974
224383614973   10154968090389974
224383614973   10154990856389974
224383614973   10155019051499974
224383614973   10155035158119974
224383614973   10155053791249974
224383614973   10155053836944974
224383614973   10155060151104974
224383614973   10155060156144974
224383614973   10155074386629974
224383614973   10155117913399974
224383614973   10155129722739974
224383614973   10155129751399974
224383614973   10155140395169974
224383614973   10155167577324974
224383614973   10155170337994974
224383614973   10155176317669974
224383614973   10155180578869974
224383614973   10155192354439974
224383614973   10155203545044974
224383614973   10155217719844974
224383614973   10155243272424974
224383614973   10155275191604974
224383614973   10155299914164974
224383614973   10155299914169974
224383614973   10155299940849974
224383614973   10155360334649974
224383614973   10155367619694974
224383614973   10155383425384974
224383614973   10155391508184974
224383614973   10155391508199974
224383614973   10155391508204974
224383614973   10155391508214974
224383614973   10155391508229974
224383614973   10155395926104974
224383614973   10155398442344974
224383614973   10155399135369974
224383614973   10155399166754974
224383614973   10155399331209974
224383614973   10155399360014974
224383614973   10155399971719974
224383614973   10155401840629974
224383614973   10155402060534974
224383614973   10155402624499974
224383614973   10155403106419974
224383614973   10155403114454974
224383614973   10155404943539974
224383614973   10155405141764974
224383614973   10155406634924974
224383614973   10155416348874974
224383614973   10155455417309974
224383614973   10155458638829974
224383614973   10155481429034974
224383614973   10155484251904974
224383614973   10155506567689974
224383614973   10155620643334974
224383614973   10155717672274974
224383614973   10155717690769974
224383614973   10155721694044974
224383614973   10155734591904974
224383614973   10155744622919974
224383614973   10155763078684974
224383614973   10155772902519974
224383614973   10155795175529974
224383614973   10155798305204974
224383614973   10155798600559974
224383614973   10155827436244974
224383614973   10155830941064974
224383614973   10155832859874974
224383614973   10155839947999974
224383614973   10155840164929974
224383614973   10155849181389974
224383614973   10155860962339974
238303307438   10155176396027439
238303307438   10155179612612439
238303307438   10155182863782439
238303307438   10155183083267439
238303307438   10155193348517439
238303307438   10155196060287439
238303307438   10155196064217439
238303307438   10155199136752439
238303307438   10155204393497439
238303307438   10155211360157439
238303307438   10155214998697439
238303307438   10155215275632439
238303307438   10155218871077439
238303307438   10155222498717439
238303307438   10155225807632439
238303307438   10155229281707439
238303307438   10155235311442439
238303307438   10155246608297439
238303307438   10155254796332439
238303307438   10155261489052439
238303307438   10155261505687439
238303307438   10155271169877439
238303307438   10155275600812439
238303307438   10155278066407439
238303307438   10155279740572439
238303307438   10155285998517439
238303307438   10155289773297439
238303307438   10155295779207439
238303307438   10155298087442439
238303307438   10155302911042439
238303307438   10155305587497439
238303307438   10155318761842439
238303307438   10155319204232439
238303307438   10155319229937439
238303307438   10155322185292439
238303307438   10155326058747439
238303307438   10155329989162439
238303307438   10155334299182439
238303307438   10155335589082439
238303307438   10155338060767439
238303307438   10155346483352439
238303307438   10155353129862439
238303307438   10155356568117439
238303307438   10155360001217439
238303307438   10155360008277439
238303307438   10155372832672439
238303307438   10155372959207439
238303307438   10155376289097439
238303307438   10155379480947439
238303307438   10155379482297439
238303307438   10155379491687439
238303307438   10155390323202439
238303307438   10155394912057439
238303307438   10155397332722439
238303307438   10155397954252439
238303307438   10155398063987439
238303307438   10155398214762439
238303307438   10155398630172439
238303307438   10155402335212439
238303307438   10155405651562439
238303307438   10155405715477439
238303307438   10155422017867439
238303307438   10155425510412439
238303307438   10155428102492439
238303307438   10155428115707439
238303307438   10155428162422439
238303307438   10155428169992439
238303307438   10155429900712439
238303307438   10155432884527439
238303307438   10155436419417439
238303307438   10155453570972439
238303307438   10155457282647439
238303307438   10155457368817439
238303307438   10155460932687439
238303307438   10155470490502439
238303307438   10155474295992439
238303307438   10155477510702439
238303307438   10155479160617439
238303307438   10155480331027439
238303307438   10155482507247439
238303307438   10155483268782439
238303307438   10155494194422439
238303307438   10155496519392439
238303307438   10155502157527439
238303307438   10155521202532439
238303307438   10155521216092439
238303307438   10155522854522439
238303307438   10155526653317439
238303307438   10155530693037439
238303307438   10155536482157439
238303307438   10155536582787439
238303307438   10155538721127439
238303307438   10155540932342439
238303307438   10155549363427439
238303307438   10155561095527439
238303307438   10155565621372439
238303307438   10155567538917439
238303307438   10155567921627439
238303307438   10155575429527439
238303307438   10155578312082439
238303307438   10155582447057439
238303307438   10155585596897439
238303307438   10155585676157439
238303307438   10155588837717439
238303307438   10155591181467439
238303307438   10155591197947439
238303307438   10155591204922439
238303307438   10155595470012439
238303307438   10155608671982439
238303307438   10155611686872439
238303307438   10155611754047439
238303307438   10155621255747439
238303307438   10155624385897439
238303307438   10155627762587439
238303307438   10155628275717439
238303307438   10155632124902439
238303307438   10155633641572439
238303307438   10155633653527439
238303307438   10155633675157439
238303307438   10155649913392439
238303307438   10155652929532439
238303307438   10155657348502439
238303307438   10155663426307439
238303307438   10155670758912439
238303307438   10155674666622439
238303307438   10155677986067439
238303307438   10155681745137439
238303307438   10155684959637439
238303307438   10155696259912439
238303307438   10155696293942439
238303307438   10155698963847439
238303307438   10155703742322439
238303307438   10155707424492439
238303307438   10155713332677439
238303307438   10155730731942439
238303307438   10155733785067439
238303307438   10155737323817439
238303307438   10155741181887439
238303307438   10155741649052439
238303307438   10155744656037439
238303307438   10155759568062439
238303307438   10155773124452439
238303307438   10155773138067439
238303307438   10155773270887439
238303307438   10155785601512439
238303307438   10155813568997439
238303307438   10155820809617439
238303307438   10155824057172439
238303307438   10155837605907439
238303307438   10155850494212439
238303307438   10155851024567439
238303307438   10155870209927439
238303307438   10155874250562439
238303307438   10155879813762439
238303307438   10155904089902439
238303307438   10155910944677439
238303307438   10155919280052439
238303307438   10155927823387439
238303307438   10155952446997439
238303307438   10155959189222439
238303307438   10155976720417439
238303307438   10155983718382439
238303307438   10155992781797439
238303307438   10156004101677439
238303307438   10156007901402439
238303307438   10156007933817439
238303307438   10156027926352439
238303307438   10156028746037439
238303307438   10156031418262439
238303307438   10156032637952439
238303307438   10156032735212439
238303307438   10156035693252439
238303307438   10156038675817439
238303307438   10156039627362439
238303307438   10156039697047439
238303307438   10156039930112439
238303307438   10156039946687439
238303307438   10156040792397439
238303307438   10156042008102439
238303307438   10156043172252439
238303307438   10156043592427439
238303307438   10156043990092439
238303307438   10156044297487439
238303307438   10156047156022439
238303307438   10156047541817439
238303307438   10156048467472439
238303307438   10156048500017439
238303307438   10156050979182439
238303307438   10156051487642439
238303307438   10156051902522439
238303307438   10156052257622439
238303307438   10156052711057439
238303307438   10156052847237439
238303307438   10156052920262439
238303307438   10156053681367439
238303307438   10156055596407439
238303307438   10156056351757439
238303307438   10156056493707439
238303307438   10156057352347439
238303307438   10156059479352439
238303307438   10156059965627439
238303307438   10156060390082439
238303307438   10156060832077439
238303307438   10156061361122439
238303307438   10156062776902439
238303307438   10156062928752439
238303307438   10156064767347439
238303307438   10156064774637439
238303307438   10156066650067439
238303307438   10156077600482439
238303307438   10156078169177439
238303307438   10156078179522439
238303307438   10156079358497439
238303307438   10156082054397439
238303307438   10156084741367439
238303307438   10156091125597439
238303307438   10156091887252439
238303307438   10156095998667439
238303307438   10156101246192439
238303307438   10156111136567439
238303307438   10156126126487439
238303307438   10156130053992439
238303307438   10156132754777439
238303307438   10156133531497439
238303307438   10156150325257439
238303307438   10156154072887439
238303307438   10156160630377439
238303307438   10156160707172439
238312155374   10157838572315375
238312155374   10157857849540375
238312155374   10157920439625375
238312155374   10157920444275375
238312155374   10157920449990375
238312155374   10157927544830375
238312155374   10157955241135375
238312155374   10157962482570375
238312155374   10157964183860375
238312155374   10157964185800375
238312155374   10157969872415375
238312155374   10157972610110375
238312155374   10157972611785375
238312155374   10157972614770375
238312155374   10157972618035375
238312155374   10157976073760375
238312155374   10157981102740375
238312155374   10157987606275375
238312155374   10157988138425375
238312155374   10157988907865375
238312155374   10157989065100375
238312155374   10157994328885375
238312155374   10157994340550375
238312155374   10157994342755375
238312155374   10157997830640375
238312155374   10158007082865375
238312155374   10158007085035375
238312155374   10158010391060375
238312155374   10158010396120375
238312155374   10158010397565375
238312155374   10158010399245375
238312155374   10158010875250375
238312155374   10158028647310375
238312155374   10158029242760375
238312155374   10158029253625375
238312155374   10158029254990375
238312155374   10158029350730375
238312155374   10158035029465375
238312155374   10158044214030375
238312155374   10158059531140375
238312155374   10158059532545375
238312155374   10158059584545375
238312155374   10158059590270375
238312155374   10158060143650375
238312155374   10158060164395375
238312155374   10158062101455375
238312155374   10158062108390375
238312155374   10158062112685375
238312155374   10158062117785375
238312155374   10158069368090375
238312155374   10158081943530375
238312155374   10158097501290375
238312155374   10158097504505375
238312155374   10158097507440375
238312155374   10158097509760375
238312155374   10158098129145375
238312155374   10158098132475375
238312155374   10158098136040375
238312155374   10158098139115375
238312155374   10158098140730375
238312155374   10158103208765375
238312155374   10158109854585375
238312155374   10158119489730375
238312155374   10158131599550375
238312155374   10158131615940375
238312155374   10158131617485375
238312155374   10158131852260375
238312155374   10158131854560375
238312155374   10158131856245375
238312155374   10158131857640375
238312155374   10158132544155375
238312155374   10158142943430375
238312155374   10158143003375375
238312155374   10158145206380375
238312155374   10158145655680375
238312155374   10158146296835375
238312155374   10158162517500375
238312155374   10158162518875375
238312155374   10158162521940375
238312155374   10158162523075375
238312155374   10158162524905375
238312155374   10158162527425375
238312155374   10158162529385375
238312155374   10158162531065375
238312155374   10158162532280375
238312155374   10158162534685375
238312155374   10158162574270375
238312155374   10158162575510375
238312155374   10158162576345375
238312155374   10158185814915375
238312155374   10158203195590375
238312155374   10158205853325375
238312155374   10158207626785375
238312155374   10158207885485375
238312155374   10158207920905375
238312155374   10158207925215375
238312155374   10158207927640375
238312155374   10158207932375375
238312155374   10158213358600375
238312155374   10158230949895375
238312155374   10158234063160375
238312155374   10158234089640375
238312155374   10158235118045375
238312155374   10158235119515375
238312155374   10158242503665375
238312155374   10158242505405375
238312155374   10158242510470375
238312155374   10158242511470375
238312155374   10158242516330375
238312155374   10158262673795375
238312155374   10158262908450375
238312155374   10158267792185375
238312155374   10158267793965375
238312155374   10158273994575375
238312155374   10158274184830375
238312155374   10158274188175375
238312155374   10158274216585375
238312155374   10158279727715375
238312155374   10158280853645375
238312155374   10158280859210375
238312155374   10158280892660375
238312155374   10158286980835375
238312155374   10158306569880375
238312155374   10158306571795375
238312155374   10158306573665375
238312155374   10158316153395375
238312155374   10158318008785375
238312155374   10158321167010375
238312155374   10158323100350375
238312155374   10158325869070375
238312155374   10158327008965375
238312155374   10158327258975375
238312155374   10158340953605375
238312155374   10158341532325375
238312155374   10158345302155375
238312155374   10158350906875375
238312155374   10158351034080375
238312155374   10158351247970375
238312155374   10158353164890375
238312155374   10158356124980375
238312155374   10158358188360375
238312155374   10158363969925375
238312155374   10158366970380375
238312155374   10158373266220375
238312155374   10158375303610375
238312155374   10158376691890375
238312155374   10158378088965375
238312155374   10158381633945375
238312155374   10158383055170375
238312155374   10158383875820375
238312155374   10158395805070375
238312155374   10158405490850375
238312155374   10158409049420375
238312155374   10158410496965375
238312155374   10158411204815375
238312155374   10158414428870375
238312155374   10158414843705375
238312155374   10158416010495375
238312155374   10158419244030375
238312155374   10158419833030375
238312155374   10158420533600375
238312155374   10158421333580375
238312155374   10158425660745375
238312155374   10158426964415375
238312155374   10158428031765375
238312155374   10158432037070375
238312155374   10158433562415375
238312155374   10158438717475375
238312155374   10158440040375375
238312155374   10158440040400375
238312155374   10158440049220375
238312155374   10158440051550375
238312155374   10158440051560375
238312155374   10158440054080375
238312155374   10158440054230375
238312155374   10158440055945375
238312155374   10158441134200375
238312155374   10158444073330375
238312155374   10158445184925375
238312155374   10158448807055375
238312155374   10158450231220375
238312155374   10158450518990375
238312155374   10158450523615375
238312155374   10158454172200375
238312155374   10158454311385375
238312155374   10158454430110375
238312155374   10158455388125375
238312155374   10158455858555375
238312155374   10158455858605375
238312155374   10158455964275375
238312155374   10158459461475375
238312155374   10158459772905375
238312155374   10158460189810375
238312155374   10158460670610375
238312155374   10158460809310375
238312155374   10158461358380375
238312155374   10158461773210375
238312155374   10158466071135375
238312155374   10158468513410375
238312155374   10158471643600375
238312155374   10158472265800375
238312155374   10158477062910375
238312155374   10158477983430375
238312155374   10158478277805375
238312155374   10158495081565375
238312155374   10158496093035375
238312155374   10158497132315375
238312155374   10158501291835375
238312155374   10158505357785375
238312155374   10158507572225375
238312155374   10158510617700375
238312155374   10158511760900375
238312155374   10158512151630375
238312155374   10158512966035375
238312155374   10158516027000375
238312155374   10158517600190375
238312155374   10158517600210375
238312155374   10158521107355375
238312155374   10158522527225375
238312155374   10158523238575375
238312155374   10158523238590375
238312155374   10158525933660375
238312155374   10158526160490375
238312155374   10158527215610375
238312155374   10158530778580375
238312155374   10158531624990375
238312155374   10158531626945375
238312155374   10158531705470375
238312155374   10158531983580375
238312155374   10158533046775375
238312155374   10158534947250375
238312155374   10158535248065375
238312155374   10158536802100375
238312155374   10158540394975375
238312155374   10158541148715375
238312155374   10158541636280375
238312155374   10158541695425375
238312155374   10158545095860375
238312155374   10158546401485375
238312155374   10158549759200375
238312155374   10158551227620375
238312155374   10158554707395375
238312155374   10158556336075375
238312155374   10158556587670375
238312155374   10158556613835375
238312155374   10158559280230375
238312155374   10158559280295375
238312155374   10158560058785375
238312155374   10158561319400375
238312155374   10158564133850375
238312155374   10158566937025375
238312155374   10158568813445375
238312155374   10158569726400375
238312155374   10158573666255375
238312155374   10158574964225375
238312155374   10158574964235375
238312155374   10158578242255375
238312155374   10158580192140375
238312155374   10158583792190375
238312155374   10158583792800375
238312155374   10158584879930375
238312155374   10158588365420375
238312155374   10158589558500375
238312155374   10158593735515375
238312155374   10158593735530375
238312155374   10158597579735375
238312155374   10158601743480375
238312155374   10158606625655375
238312155374   10158607014955375
238312155374   10158608516065375
238312155374   10158608941945375
238312155374   10158611472455375
238312155374   10158613070615375
238312155374   10158613564890375
238312155374   10158615991625375
238312155374   10158617607785375
238312155374   10158621061060375
238312155374   10158623106180375
238312155374   10158627885535375
238312155374   10158629225765375
238312155374   10158636096490375
238312155374   10158636096540375
238312155374   10158638622825375
238312155374   10158640900810375
238312155374   10158641137680375
238312155374   10158644498790375
238312155374   10158645816195375
238312155374   10158646239015375
238312155374   10158649710970375
238312155374   10158651124810375
238312155374   10158653641545375
238312155374   10158654735375375
238312155374   10158655346575375
238312155374   10158655356750375
238312155374   10158658854185375
238312155374   10158667449260375
238312155374   10158668521495375
238312155374   10158671691810375
238312155374   10158673243570375
238312155374   10158676647135375
238312155374   10158685195155375
238312155374   10158688339725375
238312155374   10158689264300375
238312155374   10158693472225375
238312155374   10158694404010375
238312155374   10158699195365375
238312155374   10158700131445375
238312155374   10158703446490375
238312155374   10158704456250375
238312155374   10158704689665375
238312155374   10158705696385375
238312155374   10158710221810375
238312155374   10158720076935375
238312155374   10158723899890375
238312155374   10158728006115375
238312155374   10158728725730375
238312155374   10158733524635375
238312155374   10158733771545375
238312155374   10158738316500375
238312155374   10158738316505375
238312155374   10158744652560375
238312155374   10158744985380375
238312155374   10158750348350375
238312155374   10158750853090375
238312155374   10158760397400375
238312155374   10158762414385375
238312155374   10158766355405375
238312155374   10158767332760375
238312155374   10158776581355375
238312155374   10158779933440375
238312155374   10158788047185375
238312155374   10158791133715375
238312155374   10158798148735375
238312155374   10158802789245375
238312155374   10158803824615375
238312155374   10158807904145375
238312155374   10158809866790375
238312155374   10158813813515375
238312155374   10158818903055375
238312155374   10158818903075375
238312155374   10158824572920375
238312155374   10158830993675375
238312155374   10158836304675375
238312155374   10158839263320375
238312155374   10158840007550375
238312155374   10158840279425375
238312155374   10158841643110375
238312155374   10158845219680375
238312155374   10158846032535375
238312155374   10158847622800375
238312155374   10158859025415375
238312155374   10158859459280375
238312155374   10158862444975375
238312155374   10158863148055375
238312155374   10158864816585375
238312155374   10158874812360375
238312155374   10158876306605375
238312155374   10158882709320375
238312155374   10158885049285375
238312155374   10158891766240375
238312155374   10158894460580375
238312155374   10158902560500375
238312155374   10158910796960375
238312155374   10158922792175375
238312155374   10158927898105375
238312155374   10158929498675375
238312155374   10158934087010375
238312155374   10158934552200375
238312155374   10158935586610375
238312155374   10158940839980375
238312155374   10158944394265375
238312155374   10158951572190375
238312155374   10158952233025375
238312155374   10158952233130375
238312155374   10158958687305375
238312155374   10158964172125375
238312155374   10158967947690375
238312155374   10158977500270375
238312155374   10158978562460375
238312155374   10158984168270375
238312155374   10158992574310375
238312155374   10158996005860375
238312155374   10158996647250375
238312155374   10159006994290375
238312155374   10159008238935375
238312155374   10159010838025375
238312155374   10159013072765375
238312155374   10159015586890375
238312155374   10159020324385375
238312155374   10159020327230375
238312155374   10159027677790375
238312155374   10159033318120375
238312155374   10159038550600375
238312155374   10159040762380375
238312155374   10159044300580375
238312155374   10159049234685375
238312155374   10159050272470375
238312155374   10159056247180375
238312155374   10159056843800375
238312155374   10159062408905375
238312155374   10159062885715375
238312155374   10159066734460375
238312155374   10159068028760375
238312155374   10159072150405375
238312155374   10159072640850375
238312155374   10159075925265375
238312155374   10159082690760375
238312155374   10159085823595375
238312155374   10159090668585375
238312155374   10159090686985375
238312155374   10159091433020375
238312155374   10159092158530375
238312155374   10159096390860375
238312155374   10159098252960375
238312155374   10159102441640375
238312155374   10159106896925375
238312155374   10159119605610375
238312155374   10159120495985375
238312155374   10159123309900375
238312155374   10159123473150375
238312155374   10159126112435375
238312155374   10159132492740375
238312155374   10159138079300375
238312155374   10159142952625375
238312155374   10159148343480375
238312155374   10159148385070375
238312155374   10159149658005375
238312155374   10159152799265375
238312155374   10159157824080375
238312155374   10159161052375375
238312155374   10159162025745375
238312155374   10159168414760375
238312155374   10159169581395375
238312155374   10159175065155375
238312155374   10159178684040375
238312155374   10159183220655375
238312155374   10159187118365375
238312155374   10159187589505375
238312155374   10159188281435375
238312155374   10159188506730375
238312155374   10159188983965375
238312155374   10159192811845375
238312155374   10159196490520375
238312155374   10159201563340375
238312155374   10159207216810375
238312155374   10159212729170375
238312155374   10159215873550375
238312155374   10159218103560375
238312155374   10159220736620375
238312155374   10159226819700375
238312155374   10159227172025375
238312155374   10159228676800375
238312155374   10159232774270375
238312155374   10159233125040375
238312155374   10159233301515375
238312155374   10159234917715375
238312155374   10159238409795375
238312155374   10159238415945375
238312155374   10159238542680375
238312155374   10159239041235375
238312155374   10159240005370375
238312155374   10159243009625375
238312155374   10159255335340375
238312155374   10159257834685375
238312155374   10159260162875375
238312155374   10159260409210375
238312155374   10159265001290375
238312155374   10159268646180375
238312155374   10159269897120375
238312155374   10159270574400375
238312155374   10159274585195375
238312155374   10159279815720375
238312155374   10159287946755375
238312155374   10159287993655375
238312155374   10159291519405375
238312155374   10159296058975375
238312155374   10159297017205375
238312155374   10159299144185375
238312155374   10159300165750375
238312155374   10159300298380375
238312155374   10159307739905375
238312155374   10159312474625375
238312155374   10159320263675375
238312155374   10159326796895375
238312155374   10159327655725375
238312155374   10159328179000375
238312155374   10159328683700375
238312155374   10159328687355375
238312155374   10159336273205375
238312155374   10159340398495375
238312155374   10159341695780375
238312155374   10159341708105375
238312155374   10159342072225375
238312155374   10159346254015375
238312155374   10159350299090375
238312155374   10159355401330375
238312155374   10159362902565375
238312155374   10159368662970375
241760048297   10155779975313298
241760048297   10155781492833298
241760048297   10155783422608298
241760048297   10155785308573298
241760048297   10155787411988298
241760048297   10155788547663298
241760048297   10155790818818298
241760048297   10155791984898298
241760048297   10155794608083298
241760048297   10155795258623298
241760048297   10155797476198298
241760048297   10155798641608298
241760048297   10155800865633298
241760048297   10155801933893298
241760048297   10155804236518298
241760048297   10155805368298298
241760048297   10155807068413298
241760048297   10155809507873298
241760048297   10155813615833298
241760048297   10155814929768298
241760048297   10155817581808298
241760048297   10155818893413298
241760048297   10155821196313298
241760048297   10155822534028298
241760048297   10155824742238298
241760048297   10155825997223298
241760048297   10155831665223298
241760048297   10155831688283298
241760048297   10155836194488298
241760048297   10155836230983298
241760048297   10155837969848298
241760048297   10155839616723298
241760048297   10155841526818298
241760048297   10155842192423298
241760048297   10155846140498298
241760048297   10155850482198298
241760048297   10155851941618298
241760048297   10155854489808298
241760048297   10155856893238298
241760048297   10155861414403298
241760048297   10155863454233298
241760048297   10155866721668298
241760048297   10155868010848298
241760048297   10155871601398298
241760048297   10155874763403298
241760048297   10155880088923298
241760048297   10155881261838298
241760048297   10155884836528298
241760048297   10155887532803298
241760048297   10155888536283298
241760048297   10155892056398298
241760048297   10155894255853298
241760048297   10155895656023298
241760048297   10155898066528298
241760048297   10155901264468298
241760048297   10155904602053298
241760048297   10155905941078298
241760048297   10155909089228298
241760048297   10155912462223298
241760048297   10155915876883298
241760048297   10155919120288298
241760048297   10155922101943298
241760048297   10155924152058298
241760048297   10155925260233298
241760048297   10155927309748298
241760048297   10155928551003298
241760048297   10155931996188298
241760048297   10155935427793298
241760048297   10155939359133298
241760048297   10155944378923298
241760048297   10155949457543298
241760048297   10155952069388298
241760048297   10155953342083298
241760048297   10155955669988298
241760048297   10155956831913298
241760048297   10155960185268298
241760048297   10155963502598298
241760048297   10155966819383298
241760048297   10155969825773298
241760048297   10155971618998298
241760048297   10155973624553298
241760048297   10155976974393298
241760048297   10155977141038298
241760048297   10155979066073298
241760048297   10155980357078298
241760048297   10155983424338298
241760048297   10155989506448298
241760048297   10155992322728298
241760048297   10155992323533298
241760048297   10155992618083298
241760048297   10155994580668298
241760048297   10155997010533298
241760048297   10155999493463298
241760048297   10156004382608298
241760048297   10156004405038298
241760048297   10156008030823298
241760048297   10156011059948298
241760048297   10156011080588298
241760048297   10156011789783298
241760048297   10156015961433298
241760048297   10156021289923298
241760048297   10156025391298298
241760048297   10156035865433298
241760048297   10156036974048298
241760048297   10156038857858298
241760048297   10156039202368298
241760048297   10156041895463298
241760048297   10156043631793298
241760048297   10156046096668298
241760048297   10156047174123298
241760048297   10156051048293298
241760048297   10156053541268298
241760048297   10156054780648298
241760048297   10156058052758298
241760048297   10156061411848298
241760048297   10156064731203298
241760048297   10156068607833298
241760048297   10156072095408298
241760048297   10156074239878298
241760048297   10156077503418298
241760048297   10156078755543298
241760048297   10156081240263298
241760048297   10156082419283298
241760048297   10156085840933298
241760048297   10156089279683298
241760048297   10156092556533298
241760048297   10156095704748298
241760048297   10156098047468298
241760048297   10156099056418298
241760048297   10156101434978298
241760048297   10156102568623298
241760048297   10156104923868298
241760048297   10156106169308298
241760048297   10156108638708298
241760048297   10156113295683298
241760048297   10156115628193298
241760048297   10156117428308298
241760048297   10156122291038298
241760048297   10156126827598298
241760048297   10156131522328298
241760048297   10156135901913298
241760048297   10156135926588298
241760048297   10156137914708298
241760048297   10156139046113298
241760048297   10156139095213298
241760048297   10156139868728298
241760048297   10156143945368298
241760048297   10156148021838298
241760048297   10156152339153298
241760048297   10156156730633298
241760048297   10156159633573298
241760048297   10156161200663298
241760048297   10156168192838298
241760048297   10156174576088298
241760048297   10156178688163298
241760048297   10156182665023298
241760048297   10156186514973298
241760048297   10156189103518298
241760048297   10156190489383298
241760048297   10156192890263298
241760048297   10156194222553298
241760048297   10156198118003298
241760048297   10156201709583298
241760048297   10156205596268298
241760048297   10156209680313298
241760048297   10156213720528298
241760048297   10156216286683298
241760048297   10156217503283298
241760048297   10156220198348298
241760048297   10156221477683298
241760048297   10156223207083298
241760048297   10156225376933298
241760048297   10156229121168298
241760048297   10156232569858298
241760048297   10156236395823298
241760048297   10156240320638298
241760048297   10156242716728298
241760048297   10156244109148298
241760048297   10156246339948298
241760048297   10156247576698298
241760048297   10156251089688298
241760048297   10156254408928298
241760048297   10156256709788298
241760048297   10156256814778298
241760048297   10156256833358298
241760048297   10156261663458298
241760048297   10156263450978298
241760048297   10156264086903298
241760048297   10156268722198298
241760048297   10156270550923298
241760048297   10156272446358298
241760048297   10156275800878298
241760048297   10156279165223298
241760048297   10156282709598298
241760048297   10156285365213298
241760048297   10156286694958298
241760048297   10156289357468298
241760048297   10156290814128298
241760048297   10156294704603298
241760048297   10156294704773298
241760048297   10156297329113298
241760048297   10156298526138298
241760048297   10156302380258298
241760048297   10156304791688298
241760048297   10156306357798298
241760048297   10156310393373298
241760048297   10156312435068298
241760048297   10156314679278298
241760048297   10156318566053298
241760048297   10156321283838298
241760048297   10156322735628298
241760048297   10156325216893298
241760048297   10156326664213298
241760048297   10156328557703298
241760048297   10156334277713298
241760048297   10156338282323298
241760048297   10156341987968298
241760048297   10156343997478298
241760048297   10156345894963298
241760048297   10156348357208298
241760048297   10156350245348298
241760048297   10156352781728298
241760048297   10156354305648298
241760048297   10156358964278298
241760048297   10156363177743298
241760048297   10156367207603298
241760048297   10156370941908298
241760048297   10156373177408298
241760048297   10156377551888298
241760048297   10156379221508298
241760048297   10156381657688298
241760048297   10156383121058298
241760048297   10156387013333298
241760048297   10156391009513298
241760048297   10156393725503298
241760048297   10156395156118298
241760048297   10156397623113298
241760048297   10156403872873298
241760048297   10156406457828298
241760048297   10156407826908298
241760048297   10156409795283298
241760048297   10156412036668298
241760048297   10156416198458298
241760048297   10156420206458298
241760048297   10156425000198298
241760048297   10156429183038298
241760048297   10156433266618298
241760048297   10156435857048298
241760048297   10156437298678298
241760048297   10156439803323298
241760048297   10156441244453298
241760048297   10156445321003298
241760048297   10156447786518298
241760048297   10156449600488298
241760048297   10156455271448298
241760048297   10156460152733298
241760048297   10156465086528298
241760048297   10156468554888298
241760048297   10156472749503298
241760048297   10156473563553298
241760048297   10156479648648298
241760048297   10156482196203298
241760048297   10156488865193298
241760048297   10156491578458298
241760048297   10156498120558298
241760048297   10156500836853298
241760048297   10156502455103298
241760048297   10156504691338298
241760048297   10156509084123298
241760048297   10156511149718298
241760048297   10156515440953298
241760048297   10156519584043298
241760048297   10156524162333298
241760048297   10156528574458298
241760048297   10156531356523298
241760048297   10156534496778298
241760048297   10156537192273298
241760048297   10156538957873298
241760048297   10156543201798298
241760048297   10156547501843298
241760048297   10156549549868298
241760048297   10156552092708298
241760048297   10156556405508298
241760048297   10156560989528298
241760048297   10156563922948298
241760048297   10156565608338298
241760048297   10156570704943298
241760048297   10156573081333298
241760048297   10156575510178298
241760048297   10156580422158298
241760048297   10156582590088298
241760048297   10156584941928298
241760048297   10156588914393298
241760048297   10156589211488298
241760048297   10156589412738298
241760048297   10156592541183298
241760048297   10156593696943298
241760048297   10156595425508298
241760048297   10156600165023298
241760048297   10156601634848298
241760048297   10156604726163298
241760048297   10156605413223298
241760048297   10156609475378298
241760048297   10156613284618298
241760048297   10156615214093298
241760048297   10156617280138298
241760048297   10156617844733298
241760048297   10156618373023298
241760048297   10156622162578298
241760048297   10156624347988298
241760048297   10156627629458298
241760048297   10156629347493298
241760048297   10156631934458298
241760048297   10156633392728298
241760048297   10156637819943298
241760048297   10156642175518298
241760048297   10156644301743298
241760048297   10156646119873298
241760048297   10156649794748298
241760048297   10156651653103298
241760048297   10156653598228298
241760048297   10156657412373298
241760048297   10156660008893298
241760048297   10156661644568298
241760048297   10156664279393298
241760048297   10156665673943298
241760048297   10156669524063298
241760048297   10156673107958298
241760048297   10156676843288298
241760048297   10156680337723298
241760048297   10156683755553298
241760048297   10156686052173298
241760048297   10156687457318298
241760048297   10156691174243298
241760048297   10156694676893298
241760048297   10156698037033298
241760048297   10156699834483298
241760048297   10156700311018298
241760048297   10156701497353298
241760048297   10156701577703298
241760048297   10156705257078298
241760048297   10156707415593298
241760048297   10156708513133298
241760048297   10156710952298298
241760048297   10156712118533298
241760048297   10156715638693298
241760048297   10156717332488298
241760048297   10156723080078298
241760048297   10156724828198298
241760048297   10156727202668298
241760048297   10156731272653298
241760048297   10156735159483298
241760048297   10156737541908298
241760048297   10156738690723298
241760048297   10156746039883298
241760048297   10156748346188298
241760048297   10156751607578298
241760048297   10156752892678298
241760048297   10156755916918298
241760048297   10156758626288298
241760048297   10156759813938298
241760048297   10156761999983298
241760048297   10156763187873298
241760048297   10156765178013298
241760048297   10156766441958298
241760048297   10156769568668298
241760048297   10156772760053298
241760048297   10156776710063298
241760048297   10156780185783298
241760048297   10156782349808298
241760048297   10156783447723298
241760048297   10156785715553298
241760048297   10156786797168298
241760048297   10156790187063298
241760048297   10156793522173298
241760048297   10156796980918298
241760048297   10156800585258298
241760048297   10156804327193298
241760048297   10156806817788298
241760048297   10156808309773298
241760048297   10156810704168298
241760048297   10156811953503298
241760048297   10156815927013298
241760048297   10156819396288298
