90671958533   10155650997908534
90671958533   10155651054523534
90671958533   10155651965388534
90671958533   10155654278238534
90671958533   10155655267053534
90671958533   10155657156108534
90671958533   10155659204373534
90671958533   10155668415143534
90671958533   10155669299873534
90671958533   10155671862718534
90671958533   10155672824238534
90671958533   10155675741753534
90671958533   10155676658708534
90671958533   10155679132963534
90671958533   10155680055453534
90671958533   10155682433043534
90671958533   10155683186758534
90671958533   10155691198793534
90671958533   10155692089503534
90671958533   10155694755538534
90671958533   10155696864838534
90671958533   10155697630578534
90671958533   10155699716313534
90671958533   10155700544263534
90671958533   10155702657118534
90671958533   10155703477768534
90671958533   10155712069408534
90671958533   10155712987773534
90671958533   10155715025888534
90671958533   10155715794178534
90671958533   10155717913203534
90671958533   10155718580843534
90671958533   10155720622488534
90671958533   10155721303733534
90671958533   10155723495698534
90671958533   10155724201543534
90671958533   10155731757483534
90671958533   10155732546278534
90671958533   10155734640353534
90671958533   10155735352988534
90671958533   10155737496228534
90671958533   10155738145683534
90671958533   10155738545418534
90671958533   10155740200748534
90671958533   10155740978388534
90671958533   10155742930623534
90671958533   10155743679928534
90671958533   10155751629063534
90671958533   10155752473303534
90671958533   10155754556718534
90671958533   10155757631738534
90671958533   10155758437588534
90671958533   10155758740648534
90671958533   10155760687343534
90671958533   10155761511513534
90671958533   10155763467243534
90671958533   10155764191923534
90671958533   10155771813773534
90671958533   10155772463478534
90671958533   10155774757053534
90671958533   10155776158563534
90671958533   10155778677713534
90671958533   10155779554568534
90671958533   10155781729203534
90671958533   10155782535898534
90671958533   10155784626638534
90671958533   10155785325233534
90671958533   10155792968503534
90671958533   10155795837848534
90671958533   10155796524213534
90671958533   10155798510913534
90671958533   10155799229943534
90671958533   10155801340658534
90671958533   10155802044718534
90671958533   10155802313423534
90671958533   10155804079203534
90671958533   10155804806013534
90671958533   10155809779948534
90671958533   10155814911188534
90671958533   10155815635463534
90671958533   10155817522173534
90671958533   10155818210443534
90671958533   10155820108113534
90671958533   10155820794503534
90671958533   10155822840088534
90671958533   10155823411198534
90671958533   10155823892063534
90671958533   10155830736473534
90671958533   10155831439988534
90671958533   10155833718488534
90671958533   10155834596908534
90671958533   10155836768643534
90671958533   10155837497048534
90671958533   10155839576773534
90671958533   10155840216378534
90671958533   10155842414888534
90671958533   10155843576158534
90671958533   10155843881483534
90671958533   10155851498113534
90671958533   10155852469688534
90671958533   10155854707248534
90671958533   10155855338043534
90671958533   10155857311398534
90671958533   10155857944978534
90671958533   10155859984008534
90671958533   10155860685053534
90671958533   10155862812253534
90671958533   10155863428038534
90671958533   1287470874676072
9122810019   10154609182970020
9122810019   10154610582515020
9122810019   10154615518540020
9122810019   10154616830575020
9122810019   10154617125320020
9122810019   10154617525690020
9122810019   10154617843520020
9122810019   10154618839795020
9122810019   10154619500040020
9122810019   10154619726655020
9122810019   10154620160845020
9122810019   10154620312830020
9122810019   10154620470350020
9122810019   10154621925400020
9122810019   10154622422480020
9122810019   10154622775215020
9122810019   10154623079615020
9122810019   10154624123390020
9122810019   10154624781075020
9122810019   10154625174080020
9122810019   10154625751825020
9122810019   10154626697225020
9122810019   10154627178400020
9122810019   10154627702670020
9122810019   10154628207695020
9122810019   10154629578165020
9122810019   10154629935650020
9122810019   10154630465295020
9122810019   10154630821660020
9122810019   10154632261570020
9122810019   10154632920770020
9122810019   10154633273875020
9122810019   10154633480905020
9122810019   10154634988300020
9122810019   10154635352605020
9122810019   10154635821385020
9122810019   10154636377600020
9122810019   10154637293550020
9122810019   10154637788945020
9122810019   10154638168535020
9122810019   10154642860815020
9122810019   10154643382685020
9122810019   10154644733210020
9122810019   10154645508020020
9122810019   10154645891310020
9122810019   10154646238545020
9122810019   10154647333805020
9122810019   10154647837215020
9122810019   10154648296445020
9122810019   10154648744315020
9122810019   10154649156985020
9122810019   10154650672525020
9122810019   10154651044995020
9122810019   10154651608475020
9122810019   10154651843295020
9122810019   10154652803840020
9122810019   10154653132710020
9122810019   10154653605155020
9122810019   10154654115345020
9122810019   10154654470205020
9122810019   10154656701355020
9122810019   10154657027720020
9122810019   10154658543135020
9122810019   10154658905080020
9122810019   10154659179300020
9122810019   10154659423430020
9122810019   10154659659080020
9122810019   10154660621300020
9122810019   10154661098590020
9122810019   10154661398000020
9122810019   10154661753350020
9122810019   10154662035250020
9122810019   10154663191230020
9122810019   10154663559410020
9122810019   10154663943125020
9122810019   10154664358540020
9122810019   10154664721540020
9122810019   10154666549115020
9122810019   10154667019980020
9122810019   10154667532570020
9122810019   10154667956040020
9122810019   10154669799315020
9122810019   10154670228595020
9122810019   10154670784910020
9122810019   10154671318460020
9122810019   10154672768615020
9122810019   10154673588215020
9122810019   10154674791540020
9122810019   10154675179345020
9122810019   10154677007790020
9122810019   10154678167045020
9122810019   10154678784765020
9122810019   10154679364465020
9122810019   10154679995490020
9122810019   10154681527115020
9122810019   10154682110995020
9122810019   10154682574780020
9122810019   10154683055060020
9122810019   10154683468500020
9122810019   10154684725160020
9122810019   10154685525030020
9122810019   10154686222370020
9122810019   10154687050010020
9122810019   10154687450110020
9122810019   10154688137220020
9122810019   10154688410740020
9122810019   10154689239415020
9122810019   10154689708565020
9122810019   10154689728975020
9122810019   10154690185570020
9122810019   10154690686135020
9122810019   10154691702730020
9122810019   10154692206880020
9122810019   10154692730405020
9122810019   10154693271960020
9122810019   10154694352045020
9122810019   10154695362740020
9122810019   10154695865355020
9122810019   10154696345805020
9122810019   10154699221595020
9122810019   10154699968090020
9122810019   10154700146685020
9122810019   10154700361765020
9122810019   10154701290430020
9122810019   10154701854135020
9122810019   10154702406455020
9122810019   10154702431580020
9122810019   10154702858740020
9122810019   10154703267115020
9122810019   10154705037640020
9122810019   10154705464285020
9122810019   10154705829265020
9122810019   10154706905200020
9122810019   10154707466325020
9122810019   10154707846530020
9122810019   10154708165140020
9122810019   10154708447255020
9122810019   10154710046345020
9122810019   10154710443670020
9122810019   10154710884460020
9122810019   10154711220250020
9122810019   10154712808975020
9122810019   10154713210170020
9122810019   10154713656440020
9122810019   10154714065100020
9122810019   10154715299455020
9122810019   10154715628780020
9122810019   10154715942285020
9122810019   10154716378950020
9122810019   10154716826755020
9122810019   10154718484095020
9122810019   10154719121170020
9122810019   10154719456735020
9122810019   10154719799305020
9122810019   10154720913390020
9122810019   10154721362795020
9122810019   10154721699315020
9122810019   10154722209040020
9122810019   10154722416395020
9122810019   10154723375335020
9122810019   10154723801830020
9122810019   10154724075605020
9122810019   10154724289180020
9122810019   10154724556090020
9122810019   10154724914210020
9122810019   10154726028050020
9122810019   10154726469215020
9122810019   10154726905175020
9122810019   10154727210995020
9122810019   10154728187245020
9122810019   10154728664895020
9122810019   10154729003105020
9122810019   10154729427250020
9122810019   10154729846820020
9122810019   10154730812495020
9122810019   10154731242185020
9122810019   10154731630520020
9122810019   10154732050460020
9122810019   10154732388410020
9122810019   10154733209805020
9122810019   10154733663085020
9122810019   10154733966350020
9122810019   10154734374950020
9122810019   10154734834580020
9122810019   10154735859345020
9122810019   10154736334380020
9122810019   10154736703375020
9122810019   10154737101115020
9122810019   10154737321425020
9122810019   10154737430810020
9122810019   10154738322370020
9122810019   10154738683405020
9122810019   10154738891175020
9122810019   10154739546835020
9122810019   10154740140890020
9122810019   10154740669575020
9122810019   10154743206120020
9122810019   10154743929425020
9122810019   10154744191660020
9122810019   10154744665980020
9122810019   10154746454480020
9122810019   10154746920285020
9122810019   10154747341125020
9122810019   10154747596675020
9122810019   10154748117995020
9122810019   10154748413580020
9122810019   10154749571455020
9122810019   10154750082715020
9122810019   10154750491970020
9122810019   10154750946775020
9122810019   10154751296470020
9122810019   10154752266765020
9122810019   10154752794500020
9122810019   10154753159610020
9122810019   10154753586185020
9122810019   10154753908730020
9122810019   10154755026485020
9122810019   10154755535105020
9122810019   10154755991620020
9122810019   10154756318800020
9122810019   10154757150730020
9122810019   10154757550935020
9122810019   10154758439545020
9122810019   10154758618960020
9122810019   10154758793690020
9122810019   10154759001695020
9122810019   10154759675200020
9122810019   10154760085835020
9122810019   10154762554970020
9122810019   10154762880890020
9122810019   10154763066120020
9122810019   10154763290010020
9122810019   10154763436905020
9122810019   10154763578120020
9122810019   10154764759760020
9122810019   10154765012780020
9122810019   10154765216450020
9122810019   10154765576865020
9122810019   10154765786150020
9122810019   10154766008470020
9122810019   10154766328590020
9122810019   10154767243175020
9122810019   10154767505790020
9122810019   10154767716940020
9122810019   10154768124250020
9122810019   10154768532375020
9122810019   10154768810575020
9122810019   10154769673475020
9122810019   10154770202610020
9122810019   10154770591220020
9122810019   10154771048425020
9122810019   10154771333850020
9122810019   10154773181700020
9122810019   10154773669235020
9122810019   10154774556100020
9122810019   10154774978340020
9122810019   10154775484525020
9122810019   10154775840710020
9122810019   10154776145195020
9122810019   10154777134210020
9122810019   10154777827920020
9122810019   10154779654360020
9122810019   10154779657505020
9122810019   10154780100045020
9122810019   10154780996820020
9122810019   10154782312320020
9122810019   10154783017895020
9122810019   10154783993090020
9122810019   10154784466090020
9122810019   10154785655430020
9122810019   10154787244620020
9122810019   10154787617370020
9122810019   10154789208920020
9122810019   10154789652730020
9122810019   10154790242100020
9122810019   10154790557020020
9122810019   10154791617305020
9122810019   10154792316700020
9122810019   10154792717470020
9122810019   10154793066090020
9122810019   10154793624540020
9122810019   10154794784280020
9122810019   10154795197040020
9122810019   10154795750875020
9122810019   10154796086650020
9122810019   10154796702905020
9122810019   10154798113215020
9122810019   10154798488510020
9122810019   10154798912810020
9122810019   10154799409735020
9122810019   10154799827210020
9122810019   10154801520700020
9122810019   10154802295395020
9122810019   10154802699315020
9122810019   10154803023615020
9122810019   10154803594640020
9122810019   10154804733410020
9122810019   10154805065115020
9122810019   10154805674440020
9122810019   10154806159495020
9122810019   10154806556705020
9122810019   10154807958425020
9122810019   10154808504120020
9122810019   10154809534815020
9122810019   10154809932175020
9122810019   10154811505070020
9122810019   10154812140695020
9122810019   10154812598765020
9122810019   10154813135125020
9122810019   10154813577555020
9122810019   10154814846560020
9122810019   10154815877845020
9122810019   10154816184465020
9122810019   10154816499180020
9122810019   10154817450415020
9122810019   10154818017200020
9122810019   10154818821045020
9122810019   10154820879715020
9122810019   10154821857325020
9122810019   10154822991825020
9122810019   10154823506370020
9122810019   10154823994095020
9122810019   10154824549995020
9122810019   10154825950700020
9122810019   10154826168040020
9122810019   10154826514620020
9122810019   10154826950165020
9122810019   10154827322210020
9122810019   10154828338125020
9122810019   10154829924015020
9122810019   10154830298200020
9122810019   10154831211190020
9122810019   10154832504115020
9122810019   10154832836695020
9122810019   10154834343975020
9122810019   10154835178130020
9122810019   10154835592320020
9122810019   10154836660740020
9122810019   10154837352595020
9122810019   10154837802915020
9122810019   10154838095055020
9122810019   10154838316205020
9122810019   10154838440930020
9122810019   10154838628560020
9122810019   10154839750400020
9122810019   10154840769805020
9122810019   10154841269075020
9122810019   10154841599600020
9122810019   10154842652825020
9122810019   10154843225765020
9122810019   10154843623360020
9122810019   10154844479830020
9122810019   10154845612900020
9122810019   10154846144705020
9122810019   10154846497480020
9122810019   10154846996785020
9122810019   10154847357430020
9122810019   10154848429455020
9122810019   10154848974555020
9122810019   10154849848340020
9122810019   10154850247355020
9122810019   10154851423005020
9122810019   10154852856430020
9122810019   10154853237430020
9122810019   10154854305930020
9122810019   10154854806445020
9122810019   10154855622560020
9122810019   10154855974045020
9122810019   10154857137500020
9122810019   10154857746500020
9122810019   10154858463430020
9122810019   10154858780415020
9122810019   10154859784570020
9122810019   10154860192360020
9122810019   10154861526185020
9122810019   10154861858465020
9122810019   10154862963495020
9122810019   10154863319640020
9122810019   10154863735895020
9122810019   10154864129005020
9122810019   10154864502375020
9122810019   10154865585255020
9122810019   10154866085370020
9122810019   10154866535570020
9122810019   10154866851590020
9122810019   10154867188995020
9122810019   10154868327110020
9122810019   10154868865170020
9122810019   10154869339280020
9122810019   10154869784995020
9122810019   10154870098625020
9122810019   10154871210380020
9122810019   10154871712865020
9122810019   10154872106955020
9122810019   10154872547150020
9122810019   10154872875915020
9122810019   10154874834020020
9122810019   10154875188685020
9122810019   10154877558680020
9122810019   10154877668535020
9122810019   10154877925100020
9122810019   10154878289545020
9122810019   10154878346735020
9122810019   10154878772730020
9122810019   10154880659045020
9122810019   10154881673410020
9122810019   10154882067055020
9122810019   10154883962970020
9122810019   10154884667945020
9122810019   10154885145265020
9122810019   10154885642315020
9122810019   10154887025045020
9122810019   10154888160695020
9122810019   10154888806300020
9122810019   10154889141980020
9122810019   10154890304775020
9122810019   10154892213940020
9122810019   10154893639100020
9122810019   10154895819075020
9122810019   10154897203555020
9122810019   10154898041840020
9122810019   10154898898540020
9122810019   10154900378080020
9122810019   10154900729275020
9122810019   10154901471295020
9122810019   10154901994425020
9122810019   10154903204750020
9122810019   10154903710825020
9122810019   10154904938720020
9122810019   10154905359480020
9122810019   10154908047640020
9122810019   10154908442360020
9122810019   10154908697730020
9122810019   10154908928430020
9122810019   10154910189455020
9122810019   10154911405885020
9122810019   10154911722380020
9122810019   10154915140205020
9122810019   10154916550150020
9122810019   10154920785025020
9122810019   10154921059060020
9122810019   10154921668200020
9122810019   10154922923120020
9122810019   10154923191025020
9122810019   10154923653480020
9122810019   10154923855600020
9122810019   10154924245365020
9122810019   10154924413315020
9122810019   10154925809900020
9122810019   10154926440305020
9122810019   10154926830485020
9122810019   10154929886110020
9122810019   10154931599300020
9122810019   10154932021005020
9122810019   10154932185710020
9122810019   10154932469770020
9122810019   10154932488130020
9122810019   10154933103305020
9122810019   10154933480380020
9122810019   10154934551420020
9122810019   10154935157020020
9122810019   10154935618160020
9122810019   10154936058805020
9122810019   10154936408095020
9122810019   10154937450805020
9122810019   10154938428250020
9122810019   10154938913145020
9122810019   10154939241990020
9122810019   10154940279495020
9122810019   10154941596390020
9122810019   10154943229890020
9122810019   10154943767555020
9122810019   10154944216295020
9122810019   10154944654755020
9122810019   10154946562505020
9122810019   10154947363440020
9122810019   10154948930025020
9122810019   10154949470680020
9122810019   10154950087805020
9122810019   10154951407610020
9122810019   10154951909710020
9122810019   10154952741090020
9122810019   10154953115015020
9122810019   10154954326435020
9122810019   10154954616915020
9122810019   10154955847830020
9122810019   10154957561275020
9122810019   10154958369785020
9122810019   10154960630485020
9122810019   10154961312695020
9122810019   10154963016135020
9122810019   10154963382690020
9122810019   10154964432300020
9122810019   10154966055185020
9122810019   10154966392170020
9122810019   10154967484980020
9122810019   10154969772305020
9122810019   10154970206095020
9122810019   10154971352865020
9122810019   10154972754665020
9122810019   10154973075895020
9122810019   10154978992505020
9122810019   10154980237220020
9122810019   10154980867940020
9122810019   10154981425420020
9122810019   10154982746015020
9122810019   10154983064595020
9122810019   10154984781175020
9122810019   10154988347660020
9122810019   10154989687735020
9122810019   10154991284010020
9122810019   10154991386545020
9122810019   10154991837585020
9122810019   10154992407345020
9122810019   10154992747540020
9122810019   10154992882780020
9122810019   10154993310855020
9122810019   10154993567430020
9122810019   10154994306190020
9122810019   10154994593975020
9122810019   10154994804490020
9122810019   10154995220505020
9122810019   10154995356975020
9122810019   10154995557455020
9122810019   10154996302865020
9122810019   10154997418355020
9122810019   10154997922445020
9122810019   10154998158670020
9122810019   10155001717660020
9122810019   10155002636880020
9122810019   10155003034890020
9122810019   10155005084065020
9122810019   10155005222280020
9122810019   10155005743835020
9122810019   10155007535185020
9122810019   10155008234335020
9122810019   10155009169445020
9122810019   10155010201405020
9122810019   10155010519565020
9122810019   10155011888240020
9122810019   10155012972660020
9122810019   10155013332775020
9122810019   10155013738040020
9122810019   10155014033480020
9122810019   10155014281595020
9122810019   10155014810280020
9122810019   10155015744745020
9122810019   10155017116105020
9122810019   10155017495115020
9122810019   10155020214660020
9122810019   10155020564135020
9122810019   10155021606885020
9122810019   10155022174440020
9122810019   10155022652160020
9122810019   10155023123490020
9122810019   10155023429745020
9122810019   10155024497390020
9122810019   10155025492515020
9122810019   10155026330150020
9122810019   10155027475540020
9122810019   10155028174485020
9122810019   10155029155840020
9122810019   10155029380315020
9122810019   10155030444610020
9122810019   10155031008225020
9122810019   10155031868000020
9122810019   10155032348090020
9122810019   10155033496695020
9122810019   10155034004700020
9122810019   10155034395725020
9122810019   10155036288670020
9122810019   10155040875885020
9122810019   10155041941460020
9122810019   10155044956295020
9122810019   10155045015875020
9122810019   10155045960105020
9122810019   10155046432115020
9122810019   10155047358785020
9122810019   10155047917900020
9122810019   10155048415660020
9122810019   10155049169300020
9122810019   10155050249095020
9122810019   10155050693700020
9122810019   10155050826490020
9122810019   10155052165655020
9122810019   10155053042110020
9122810019   10155053402060020
9122810019   10155053623080020
9122810019   10155053963910020
9122810019   10155054087990020
9122810019   10155054572085020
9122810019   10155054910425020
9122810019   10155055976180020
9122810019   10155056358690020
9122810019   10155057556330020
9122810019   10155059776090020
9122810019   10155060760100020
9122810019   10155062862260020
9122810019   10155063063365020
9122810019   10155063332140020
9122810019   10155063772045020
9122810019   10155064399910020
9122810019   10155065798710020
9122810019   10155065856700020
9122810019   10155067117085020
9122810019   10155067705480020
9122810019   10155069890335020
9122810019   10155070310375020
9122810019   10155070698710020
9122810019   10155073225900020
9122810019   10155073963110020
9122810019   10155074605845020
9122810019   10155075693235020
9122810019   10155076040460020
9122810019   10155076838635020
9122810019   10155077368130020
9122810019   10155079166475020
9122810019   10155083127850020
9122810019   10155085560305020
9122810019   10155086100435020
9122810019   10155086246520020
9122810019   10155086513620020
9122810019   10155088180135020
9122810019   10155088793155020
9122810019   10155089344950020
9122810019   10155089566675020
9122810019   10155091772690020
9122810019   10155092767825020
9122810019   10155093093805020
9122810019   10155094299805020
9122810019   10155094758275020
9122810019   10155095516080020
9122810019   10155097919875020
9122810019   10155098256445020
9122810019   10155098626660020
9122810019   10155099315230020
9122810019   10155099692605020
9122810019   10155100747915020
9122810019   10155102825150020
9122810019   10155103927720020
9122810019   10155104572385020
9122810019   10155106532860020
9122810019   10155108525140020
9122810019   10155108861950020
9122810019   10155110330635020
9122810019   10155110617655020
9122810019   10155111377155020
9122810019   10155111914265020
9122810019   10155114159620020
9122810019   10155114597515020
9122810019   10155115022765020
9122810019   10155115484660020
9122810019   10155117645190020
9122810019   10155117972130020
9122810019   10155118899765020
9122810019   10155120095265020
9122810019   10155120804255020
9122810019   10155121326310020
9122810019   10155122216645020
9122810019   10155126339125020
9122810019   10155129953720020
9122810019   10155131356765020
9122810019   10155131973725020
9122810019   10155134297495020
9122810019   10155135302360020
9122810019   10155140685380020
9122810019   10155142224905020
9122810019   10155146305810020
9122810019   10155146499905020
9122810019   10155146836505020
9122810019   10155147386785020
9122810019   10155151568550020
9122810019   10155155477630020
9122810019   10155157085530020
9122810019   10155161308170020
9122810019   10155165390065020
9122810019   10155167108030020
9122810019   10155169551890020
9122810019   10155172690605020
9122810019   10155174145025020
9122810019   10155174474455020
9122810019   10155183415210020
9122810019   10155183990755020
9122810019   10155186437910020
9122810019   10155187555445020
9122810019   10155188243030020
9122810019   10155190288630020
9122810019   10155191541485020
9122810019   10155194262990020
9122810019   10155197776345020
9122810019   10155197928595020
9122810019   10155199984490020
9122810019   10155200051490020
9122810019   10155205060000020
9122810019   10155208725625020
9122810019   10155211335760020
9122810019   10155211700180020
9122810019   10155212235890020
9122810019   10155218603905020
9122810019   10155221686750020
9122810019   10155223631055020
9122810019   10155232022690020
9122810019   10155232583090020
9122810019   10155233162335020
9122810019   10155233664760020
9122810019   10155235405285020
9122810019   10155235667520020
9122810019   10155235881190020
9122810019   10155236641125020
9122810019   10155236720665020
9122810019   10155238343795020
9122810019   10155239240100020
9122810019   10155239683730020
9122810019   10155239934100020
9122810019   10155240156320020
9122810019   10155240416380020
9122810019   10155242356320020
9122810019   10155243755050020
9122810019   10155245006485020
9122810019   10155245399495020
9122810019   10155245777150020
9122810019   10155245957215020
9122810019   10155246161440020
9122810019   10155248650825020
9122810019   10155253891960020
9122810019   10155256833975020
9122810019   10155257547885020
9122810019   10155259126260020
9122810019   10155259655770020
9122810019   10155259962125020
9122810019   10155260564050020
9122810019   10155261434405020
9122810019   10155261854015020
9122810019   10155264383270020
9122810019   10155264644240020
9122810019   10155264924565020
9122810019   10155266856295020
9122810019   10155267109460020
9122810019   10155267979570020
9122810019   10155270142400020
9122810019   10155270448990020
9122810019   10155271209950020
9122810019   10155272644245020
9122810019   10155272742890020
9122810019   10155273379460020
9122810019   10155276161190020
9122810019   10155276677735020
9122810019   10155278177735020
9122810019   10155278330510020
9122810019   10155278951690020
9122810019   10155281068185020
9122810019   10155281770955020
9122810019   10155282140710020
9122810019   10155282170420020
9122810019   10155283357070020
9122810019   10155283555380020
9122810019   10155283939550020
9122810019   10155284271605020
9122810019   10155286121815020
9122810019   10155286941440020
9122810019   10155289162765020
9122810019   10155290068785020
9122810019   10155290183360020
9122810019   10155291410280020
9122810019   10155291634725020
9122810019   10155292015660020
9122810019   10155292371945020
9122810019   10155294374000020
9122810019   10155295044945020
9122810019   10155295556335020
9122810019   10155297005125020
9122810019   10155297450730020
9122810019   10155298328855020
9122810019   10155300269015020
9122810019   10155301021905020
9122810019   10155302707985020
9122810019   10155302831290020
9122810019   10155303498305020
9122810019   10155304361660020
9122810019   10155306118845020
9122810019   10155306553965020
9122810019   10155308073690020
9122810019   10155311735355020
9122810019   10155312523600020
9122810019   10155313958260020
9122810019   10155315855740020
9122810019   10155317168975020
9122810019   10155318826615020
9122810019   10155319004290020
9122810019   10155319649625020
9122810019   10155319907500020
9122810019   10155320251440020
9122810019   10155320754945020
9122810019   10155322372850020
9122810019   10155322559885020
9122810019   10155322804640020
9122810019   10155323165670020
9122810019   10155324855935020
9122810019   10155325082865020
9122810019   10155325374525020
9122810019   10155325803780020
9122810019   10155327578260020
9122810019   10155330788110020
9122810019   10155331310340020
9122810019   10155333383350020
9122810019   10155335851750020
9122810019   10155336940890020
9122810019   10155337187230020
9122810019   10155340108440020
9122810019   10155341480785020
9122810019   10155341844785020
9122810019   10155342026670020
9122810019   10155345030985020
9122810019   10155345327185020
9122810019   10155347716370020
9122810019   10155355578185020
9122810019   10155356058630020
9122810019   10155356565510020
9122810019   10155358270125020
9122810019   10155358674655020
9122810019   10155359100230020
9122810019   10155360415840020
9122810019   10155360867435020
9122810019   10155361240675020
9122810019   10155361349635020
9122810019   10155365732385020
9122810019   10155370495780020
9122810019   10155371248335020
9122810019   10155373172920020
9122810019   10155373375725020
9122810019   10155373499885020
9122810019   10155373603965020
9122810019   10155374092185020
9122810019   10155377830870020
9122810019   10155378112880020
9122810019   10155378522720020
9122810019   10155380589390020
9122810019   10155382973640020
9122810019   10155385459620020
9122810019   10155385994335020
9122810019   10155386360165020
9122810019   10155388512030020
9122810019   10155388704420020
9122810019   10155388828010020
9122810019   10155389377780020
9122810019   10155389669850020
9122810019   10155392062330020
9122810019   10155392613740020
9122810019   10155392960650020
9122810019   10155395667410020
9122810019   10155397257420020
9122810019   10155397558660020
9122810019   10155397926180020
9122810019   10155398559925020
9122810019   10155400143070020
9122810019   10155400408695020
9122810019   10155401272505020
9122810019   10155402948395020
9122810019   10155403057820020
9122810019   10155405429635020
9122810019   10155405982155020
9122810019   10155407991120020
9122810019   10155408638290020
9122810019   10155411613100020
9122810019   10155411759610020
9122810019   10155413979830020
9122810019   10155415434710020
9122810019   10155415634830020
9122810019   10155416027340020
9122810019   112755979429129
9122810019   1169279859838108
9122810019   1279129678841909
9122810019   1285654714814519
9122810019   1365412963578877
9122810019   1750340191660828
9122810019   1754350121530249
9122810019   1821961404786766
9122810019   1835607933435416
9122810019   1915428135382847
9122810019   1961400347467560
9122810019   2048764558685071
9122810019   267773160352751
9122810019   313362515797540
9122810019   369303043448308
9122810019   385687845127104
9122810019   390046584704035
9122810019   452888031763898
9122810019   452943721731511
9122810019   479361865760472
9122810019   513595842315980
9122810019   733433313526961
9122810019   891699864315618
92645906441   10154171547881442
92979593115   10153800737968116
92979593115   10154797028003116
92979593115   10154815828613116
92979593115   10154816035248116
92979593115   10154816039318116
92979593115   10154824282813116
92979593115   10154824604223116
92979593115   10154824611863116
92979593115   10154824633053116
92979593115   10154828446237717
92979593115   10154876375117717
92979593115   10154888860393116
92979593115   10154905909448116
92979593115   10154905935158116
92979593115   10154906008078116
92979593115   10154908637158116
92979593115   10154908641638116
92979593115   10154911743808116
92979593115   10154919478628116
92979593115   10154919925583116
92979593115   10154930676097717
92979593115   10154945532033116
92979593115   10154948133843116
92979593115   10154958628277717
92979593115   10154971406508116
92979593115   10154982728802717
92979593115   10154987964218116
92979593115   10155000249078116
92979593115   10155000270788116
92979593115   10155000291048116
92979593115   10155014828223116
92979593115   10155014838028116
92979593115   10155014917208116
92979593115   10155035562738116
92979593115   10155035566338116
92979593115   10155035822388116
92979593115   10155044793613116
92979593115   10155045328468116
92979593115   10155060734598116
92979593115   10155063312878116
92979593115   10155063319253116
92979593115   10155066100583116
92979593115   10155066107638116
92979593115   10155066122658116
92979593115   10155066152908116
92979593115   10155066161983116
92979593115   10155066415918116
92979593115   10155066431923116
92979593115   10155066437178116
92979593115   10155068685053116
92979593115   10155102900078116
92979593115   10155119061668116
92979593115   10155148710583116
92979593115   10155161318363116
92979593115   10155161887443116
92979593115   10155176236293116
92979593115   10155176273208116
92979593115   10155179284093116
92979593115   10155179366518116
92979593115   10155179371603116
92979593115   10155180111048116
92979593115   10155180134423116
92979593115   10155180528413116
92979593115   10155186156573116
92979593115   10155200992013116
92979593115   10155206207253116
92979593115   10155219528263116
92979593115   10155229829568116
92979593115   10155241940318116
92979593115   10155276337888116
92979593115   10155287815883116
92979593115   10155313276288116
92979593115   10155322954418116
92979593115   10155332061263116
92979593115   10155335690008116
92979593115   10155342548698116
92979593115   10155368808223116
92979593115   10155394928273116
92979593115   10155395911520751
92979593115   10155399238998116
92979593115   10155401967385751
92979593115   10155417321943116
92979593115   10155464425758116
92979593115   10155472355443116
92979593115   10155490664933116
92979593115   10155491010768116
92979593115   10155505938948116
92979593115   10155506906228116
92979593115   10155511410353116
92979593115   10155525797128116
92979593115   10155533521108116
92979593115   10155542574333116
92979593115   10155542720868116
92979593115   10155542873838116
92979593115   10155544407138116
92979593115   10155566273088116
92979593115   10155566314348116
92979593115   10155570990738116
92979593115   10155582223428116
92979593115   10155585183898116
92979593115   10155587371308116
92979593115   10155592148493116
92979593115   10155592513008116
92979593115   10155592645848116
92979593115   10155604165943116
92979593115   10155604231768116
92979593115   10155604297923116
92979593115   10155605995213116
92979593115   10155624085903116
92979593115   10155626734258116
92979593115   10155629970548116
92979593115   10155648686958116
92979593115   1914600412162230
92979593115   1922291794726425
92979593115   1924635467825391
92979593115   1924663557822582
92979593115   1924715304484074
92979593115   1926147517674186
92979593115   1926979857590952
92979593115   1939453009676970
92979593115   1946312712324333
92979593115   1946318548990416
92979593115   1946341575654780
92979593115   1957104264578511
9465008123   10154069630351568
9465008123   10154116930976568
9465008123   10154181621161568
9465008123   10154191183816568
9465008123   10154300635531568
9465008123   10154359165791568
9465008123   10154382716961568
9465008123   10154396879646568
9465008123   10154443290836568
9465008123   10154486203483124
9465008123   10154487342068124
9465008123   10154494411853124
9465008123   10154494940413124
9465008123   10154495159433124
9465008123   10154495327008124
9465008123   10154497788793124
9465008123   10154497889168124
9465008123   10154498164403124
9465008123   10154498388543124
9465008123   10154499331728124
9465008123   10154499750603124
9465008123   10154499941018124
9465008123   10154500195573124
9465008123   10154500765443124
9465008123   10154500920063124
9465008123   10154503002573124
9465008123   10154503113838124
9465008123   10154503340093124
9465008123   10154503340548124
9465008123   10154503643818124
9465008123   10154505729658124
9465008123   10154505835073124
9465008123   10154508477303124
9465008123   10154511390033124
9465008123   10154512039873124
9465008123   10154512137133124
9465008123   10154512209953124
9465008123   10154512517253124
9465008123   10154513619243124
9465008123   10154514076943124
9465008123   10154514299553124
9465008123   10154514563198124
9465008123   10154514904583124
9465008123   10154515317568124
9465008123   10154516929278124
9465008123   10154516937328124
9465008123   10154517740118124
9465008123   10154518585828124
9465008123   10154518612908124
9465008123   10154521836823124
9465008123   10154521895618124
9465008123   10154522472888124
9465008123   10154524170058124
9465008123   10154524809038124
9465008123   10154524954378124
9465008123   10154525234083124
9465008123   10154525638178124
9465008123   10154525823148124
9465008123   10154526077298124
9465008123   10154527334803124
9465008123   10154527923268124
9465008123   10154528293518124
9465008123   10154528869773124
9465008123   10154530700338124
9465008123   10154531255668124
9465008123   10154531914813124
9465008123   10154532005468124
9465008123   10154534316368124
9465008123   10154534843588124
9465008123   10154534958708124
9465008123   10154535461413124
9465008123   10154537065628124
9465008123   10154537729443124
9465008123   10154537809428124
9465008123   10154538155608124
9465008123   10154540111828124
9465008123   10154540341953124
9465008123   10154540803473124
9465008123   10154543003473124
9465008123   10154543408643124
9465008123   10154543745463124
9465008123   10154544005278124
9465008123   10154545699973124
9465008123   10154546076258124
9465008123   10154546832308124
9465008123   10154549008803124
9465008123   10154549693333124
9465008123   10154552957283124
9465008123   10154556467973124
9465008123   10154557229403124
9465008123   10154558202518124
9465008123   10154561512978124
9465008123   10154562209473124
9465008123   10154562575373124
9465008123   10154562684508124
9465008123   10154563141893124
9465008123   10154565447453124
9465008123   10154565763838124
9465008123   10154566098988124
9465008123   10154566651588124
9465008123   10154568790713124
9465008123   10154569156723124
9465008123   10154569468858124
9465008123   10154571182413124
9465008123   10154571699308124
9465008123   10154572066328124
9465008123   10154576525478124
9465008123   10154579649143124
9465008123   10154580039023124
9465008123   10154580497758124
9465008123   10154580720288124
9465008123   10154583577898124
9465008123   10154583867703124
9465008123   10154584059468124
9465008123   10154584086768124
9465008123   10154586145288124
9465008123   10154586482888124
9465008123   10154586759078124
9465008123   10154586888138124
9465008123   10154588494003124
9465008123   10154588860508124
9465008123   10154589153188124
9465008123   10154589508998124
9465008123   10154589823363124
9465008123   10154591785188124
9465008123   10154592051778124
9465008123   10154592271723124
9465008123   10154592571383124
9465008123   10154592904978124
9465008123   10154595074798124
9465008123   10154596161793124
9465008123   10154597411253124
9465008123   10154598007373124
9465008123   10154598587823124
9465008123   10154598774758124
9465008123   10154599005293124
9465008123   10154600854193124
9465008123   10154600856888124
9465008123   10154601074793124
9465008123   10154601512808124
9465008123   10154601711268124
9465008123   10154604362938124
9465008123   10154604811288124
9465008123   10154605045323124
9465008123   10154605250978124
9465008123   10154605555238124
9465008123   10154606721083124
9465008123   10154607217228124
9465008123   10154607396248124
9465008123   10154607786888124
9465008123   10154608011983124
9465008123   10154608300973124
9465008123   10154610024728124
9465008123   10154610309493124
9465008123   10154610540078124
9465008123   10154610842973124
9465008123   10154610904698124
9465008123   10154612696563124
9465008123   10154612957783124
9465008123   10154617870093124
9465008123   10154621113218124
9465008123   10154621622223124
9465008123   10154621956648124
9465008123   10154622262718124
9465008123   10154623038093124
9465008123   10154623796708124
9465008123   10154624763258124
9465008123   10154625097068124
9465008123   10154626153563124
9465008123   10154626767533124
9465008123   10154627144273124
9465008123   10154627393128124
9465008123   10154627394393124
9465008123   10154627726728124
9465008123   10154628376813124
9465008123   10154631170298124
9465008123   10154631449513124
9465008123   10154631739028124
9465008123   10154632349018124
9465008123   10154632440673124
9465008123   10154635261348124
9465008123   10154635530048124
9465008123   10154638957468124
9465008123   10154639420943124
9465008123   10154641211118124
9465008123   10154644149018124
9465008123   10154644932748124
9465008123   10154646146633124
9465008123   10154646811868124
9465008123   10154647450223124
9465008123   10154647644568124
9465008123   10154647732268124
9465008123   10154649188948124
9465008123   10154649819728124
9465008123   10154650384313124
9465008123   10154652144108124
9465008123   10154652420393124
9465008123   10154652956358124
9465008123   10154653359168124
9465008123   10154653741248124
9465008123   10154654983768124
9465008123   10154655545178124
9465008123   10154655891318124
9465008123   10154656391283124
9465008123   10154658018098124
9465008123   10154660825408124
9465008123   10154661027803124
9465008123   10154661914133124
9465008123   10154662493823124
9465008123   10154662507663124
9465008123   10154662538503124
9465008123   10154663236668124
9465008123   10154663549023124
9465008123   10154664131158124
9465008123   10154664460078124
9465008123   10154664718133124
9465008123   10154666781953124
9465008123   10154667256268124
9465008123   10154667541003124
9465008123   10154669273403124
9465008123   10154669696583124
9465008123   10154669957538124
9465008123   10154670390388124
9465008123   10154670621683124
9465008123   10154670994193124
9465008123   10154671964583124
9465008123   10154672238913124
9465008123   10154672724393124
9465008123   10154674075938124
9465008123   10154674910858124
9465008123   10154675307593124
9465008123   10154675823133124
9465008123   10154678249208124
9465008123   10154679325568124
9465008123   10154680985928124
9465008123   10154681492433124
9465008123   10154684091738124
9465008123   10154686908718124
9465008123   10154687575748124
9465008123   10154688025488124
9465008123   10154688505558124
9465008123   10154689629393124
9465008123   10154690492908124
9465008123   10154690939523124
9465008123   10154693272178124
9465008123   10154693856163124
9465008123   10154695017873124
9465008123   10154696992668124
9465008123   10154697159158124
9465008123   10154697770198124
9465008123   10154698200623124
9465008123   10154698486738124
9465008123   10154701642763124
9465008123   10154702053648124
9465008123   10154702666303124
9465008123   10154703093783124
9465008123   10154703340848124
9465008123   10154704881808124
9465008123   10154705558208124
9465008123   10154706504108124
9465008123   10154708418088124
9465008123   10154708566713124
9465008123   10154709643863124
9465008123   10154709950573124
9465008123   10154712725923124
9465008123   10154713273088124
9465008123   10154713554183124
9465008123   10154713867428124
9465008123   10154714078553124
9465008123   10154716257733124
9465008123   10154716407688124
9465008123   10154716459743124
9465008123   10154716616743124
9465008123   10154717171418124
9465008123   10154717726853124
9465008123   10154717819608124
9465008123   10154719482843124
9465008123   10154719985038124
9465008123   10154720316153124
9465008123   10154720797673124
9465008123   10154720984688124
9465008123   10154721106143124
9465008123   10154721341748124
9465008123   10154722722473124
9465008123   10154722722573124
9465008123   10154723021453124
9465008123   10154723748248124
9465008123   10154723748473124
9465008123   10154724184928124
9465008123   10154724386848124
9465008123   10154724617658124
9465008123   10154726054428124
9465008123   10154726769128124
9465008123   10154727414763124
9465008123   10154727864893124
9465008123   10154729666193124
9465008123   10154729675408124
9465008123   10154730335953124
9465008123   10154730952828124
9465008123   10154739014288124
9465008123   10154739448278124
9465008123   10154739716758124
9465008123   10154740017653124
9465008123   10154741437043124
9465008123   10154741888273124
9465008123   10154742392513124
9465008123   10154742815173124
9465008123   10154743011968124
9465008123   10154745087903124
9465008123   10154745143368124
9465008123   10154745857493124
9465008123   10154746062058124
9465008123   10154746122708124
9465008123   10154748007603124
9465008123   10154748102553124
9465008123   10154748229953124
9465008123   10154748387443124
9465008123   10154748908823124
9465008123   10154749686183124
9465008123   10154750750698124
9465008123   10154751643873124
9465008123   10154751972648124
9465008123   10154752143723124
9465008123   10154752427498124
9465008123   10154753838843124
9465008123   10154754260963124
9465008123   10154761384038124
9465008123   10154761574418124
9465008123   10154763412258124
9465008123   10154763712268124
9465008123   10154764410453124
9465008123   10154764687693124
9465008123   10154766226738124
9465008123   10154766890113124
9465008123   10154767068548124
9465008123   10154768090853124
9465008123   10154768216943124
9465008123   10154768409158124
9465008123   10154770306823124
9465008123   10154770701723124
9465008123   10154771106093124
9465008123   10154771195723124
9465008123   10154771239213124
9465008123   10154773332098124
9465008123   10154773537658124
9465008123   10154773744598124
9465008123   10154775231718124
9465008123   10154775681603124
9465008123   10154778943608124
9465008123   10154779071293124
9465008123   10154779487073124
9465008123   10154781411178124
9465008123   10154781653778124
9465008123   10154781866798124
9465008123   10154782226433124
9465008123   10154782320228124
9465008123   10154782586233124
9465008123   10154784038363124
9465008123   10154784442418124
9465008123   10154784645488124
9465008123   10154784932478124
9465008123   10154785349163124
9465008123   10154785439863124
9465008123   10154787667118124
9465008123   10154788113763124
9465008123   10154788646093124
9465008123   10154788794743124
9465008123   10154790597978124
9465008123   10154791086358124
9465008123   10154792516598124
9465008123   10154795246148124
9465008123   10154795715303124
9465008123   10154796207353124
9465008123   10154798495178124
9465008123   10154798631523124
9465008123   10154799037048124
9465008123   10154804985868124
9465008123   10154805289568124
9465008123   10154805781573124
9465008123   10154805886643124
9465008123   10154808176123124
9465008123   10154808796783124
9465008123   10154809104208124
9465008123   10154809323638124
9465008123   10154810857913124
9465008123   10154811343173124
9465008123   10154813308098124
9465008123   10154813582178124
9465008123   10154814166178124
9465008123   10154816131528124
9465008123   10154818859483124
9465008123   10154819089408124
9465008123   10154821085758124
9465008123   10154821577673124
9465008123   10154821992813124
9465008123   10154822215878124
9465008123   10154822347558124
9465008123   10154822927698124
9465008123   10154824598213124
9465008123   10154828203003124
9465008123   10154829002848124
9465008123   10154831790843124
9465008123   10154831790848124
9465008123   10154832165313124
9465008123   10154832165753124
9465008123   10154832214103124
9465008123   10154832214108124
9465008123   10154832214113124
9465008123   10154832566213124
9465008123   10154833054383124
9465008123   10154833261718124
9465008123   10154833955113124
9465008123   10154835232133124
9465008123   10154835522548124
9465008123   10154835934598124
9465008123   10154836123618124
9465008123   10154838205273124
9465008123   10154838905398124
9465008123   10154839012658124
9465008123   10154839095598124
9465008123   10154840480978124
9465008123   10154840764388124
9465008123   10154841203538124
9465008123   10154842194678124
9465008123   10154842594398124
9465008123   10154843029653124
9465008123   10154843409598124
9465008123   10154845930053124
9465008123   10154846242183124
9465008123   10154846344128124
9465008123   10154846410628124
9465008123   10154846739638124
9465008123   10154846867943124
9465008123   10154848484678124
9465008123   10154848484703124
9465008123   10154848725608124
9465008123   10154849446213124
9465008123   10154851605738124
9465008123   10154854325518124
9465008123   10154854519983124
9465008123   10154855004783124
9465008123   10154855199448124
9465008123   10154855398728124
9465008123   10154857963078124
9465008123   10154858264443124
9465008123   10154858474773124
9465008123   10154858666613124
9465008123   10154859037253124
9465008123   10154859333168124
9465008123   10154860920838124
9465008123   10154861258388124
9465008123   10154861893668124
9465008123   10154862385008124
9465008123   10154864110903124
9465008123   10154864314683124
9465008123   10154867306368124
9465008123   10154867473968124
9465008123   10154867793058124
9465008123   10154868066943124
9465008123   10154869723248124
9465008123   10154870053848124
9465008123   10154870379678124
9465008123   10154872885908124
9465008123   10154873523263124
9465008123   10154875481293124
9465008123   10154875714718124
9465008123   10154876184008124
9465008123   10154876403613124
9465008123   10154878160158124
9465008123   10154878975678124
9465008123   10154879239838124
9465008123   10154879239918124
9465008123   10154880742918124
9465008123   10154881523803124
9465008123   10154881868753124
9465008123   10154882081883124
9465008123   10154882457898124
9465008123   10154883760363124
9465008123   10154884249133124
9465008123   10154884298113124
9465008123   10154884432538124
9465008123   10154884637788124
9465008123   10154884886393124
9465008123   10154886980848124
9465008123   10154887276938124
9465008123   10154888019663124
9465008123   10154889837313124
9465008123   10154890568133124
9465008123   10154895434853124
9465008123   10154895738933124
9465008123   10154896166098124
9465008123   10154896417813124
9465008123   10154896474433124
9465008123   10154898193878124
9465008123   10154898464668124
9465008123   10154898791223124
9465008123   10154898953543124
9465008123   10154899167253124
9465008123   10154899524393124
9465008123   10154899643418124
9465008123   10154899930833124
9465008123   10154901308533124
9465008123   10154901664413124
9465008123   10154902138133124
9465008123   10154902315718124
9465008123   10154902698078124
9465008123   10154904670453124
9465008123   10154904840068124
9465008123   10154904991263124
9465008123   10154905833398124
9465008123   10154908040663124
9465008123   10154908254023124
9465008123   10154908710233124
9465008123   10154908793893124
9465008123   10154908935623124
9465008123   10154909590588124
9465008123   10154911084598124
9465008123   10154911820873124
9465008123   10154912723798124
9465008123   10154914213288124
9465008123   10154914608003124
9465008123   10154917201333124
9465008123   10154917334608124
9465008123   10154917959998124
9465008123   10154921099668124
9465008123   10154921100108124
9465008123   10154921192128124
9465008123   10154921311833124
9465008123   10154921470588124
9465008123   10154921993053124
9465008123   10154924306458124
9465008123   10154924783113124
9465008123   10154924850688124
9465008123   10154925151813124
9465008123   10154925649073124
9465008123   10154925786423124
9465008123   10154925860333124
9465008123   10154926222913124
9465008123   10154927490168124
9465008123   10154927916738124
9465008123   10154928075518124
9465008123   10154928169118124
9465008123   10154929028188124
9465008123   10154931651468124
9465008123   10154932373813124
9465008123   10154932521638124
9465008123   10154932576398124
9465008123   10154934731578124
9465008123   10154934812998124
9465008123   10154940718013124
9465008123   10154940921348124
9465008123   10154943255508124
9465008123   10154943784613124
9465008123   10154944494878124
9465008123   10154944705373124
9465008123   10154944744648124
9465008123   10154946412328124
9465008123   10154946979868124
9465008123   10154947234703124
9465008123   10154947745078124
9465008123   10154948074958124
9465008123   10154949936678124
9465008123   10154950093353124
9465008123   10154950746083124
9465008123   10154953969398124
9465008123   10154954383383124
9465008123   10154955148723124
9465008123   10154957103138124
9465008123   10154960918453124
9465008123   10154966837148124
9465008123   10154967162888124
9465008123   10154970400098124
9465008123   10154970696948124
9465008123   10154970825003124
9465008123   10154971443358124
9465008123   10154974041623124
9465008123   10154974752023124
9465008123   10154974865198124
9465008123   10154974899043124
9465008123   10154977132668124
9465008123   10154977286473124
9465008123   10154977812768124
9465008123   10154977999828124
9465008123   10154980362868124
9465008123   10154980726248124
9465008123   10154983799803124
9465008123   10154983975633124
9465008123   10154984090423124
9465008123   10154986766693124
9465008123   10154987167403124
9465008123   10154987582998124
9465008123   10154988059423124
9465008123   10154988344978124
9465008123   10154990405668124
9465008123   10154990861708124
9465008123   10154991307603124
9465008123   10154991317963124
9465008123   10154991641853124
9465008123   10154991766013124
9465008123   10154993442963124
9465008123   10154994052943124
9465008123   10154994196428124
9465008123   10154994523978124
9465008123   10154994901588124
9465008123   10154997319518124
9465008123   10154997955883124
9465008123   10154998589143124
9465008123   10154998875283124
9465008123   10154999207758124
9465008123   10155001248733124
9465008123   10155001498228124
9465008123   10155004127233124
9465008123   10155004602953124
9465008123   10155004828113124
9465008123   10155005732178124
9465008123   10155007826573124
9465008123   10155008496333124
9465008123   10155011453293124
9465008123   10155011874228124
9465008123   10155012172773124
9465008123   10155014282928124
9465008123   10155014702793124
9465008123   10155015759353124
9465008123   10155018583728124
9465008123   10155019258588124
9465008123   10155019591888124
9465008123   10155021847978124
9465008123   10155022083733124
9465008123   10155022366583124
9465008123   10155023189443124
9465008123   10155023871718124
9465008123   10155025238928124
9465008123   10155025597013124
9465008123   10155025671868124
9465008123   10155026394673124
9465008123   10155028804528124
9465008123   10155029373878124
9465008123   10155029640543124
9465008123   10155031284798124
9465008123   10155032293313124
9465008123   10155034741673124
9465008123   10155035733058124
9465008123   10155037831128124
9465008123   10155038017343124
9465008123   10155040063748124
9465008123   10155041148368124
9465008123   10155043086083124
9465008123   10155043418028124
9465008123   10155043680143124
9465008123   10155044676573124
9465008123   10155046966603124
9465008123   10155047234098124
9465008123   10155047555938124
9465008123   10155048093513124
9465008123   10155050194553124
9465008123   10155056385323124
9465008123   10155057073673124
9465008123   10155061044863124
9465008123   10155065354413124
9465008123   10155066493043124
9465008123   10155067351843124
9465008123   10155067488988124
9465008123   10155069349858124
9465008123   10155069991793124
9465008123   10155070461648124
9465008123   10155073012503124
9465008123   10155073120383124
9465008123   10155073735633124
9465008123   10155074115253124
9465008123   10155077465923124
9465008123   10155085114293124
9465008123   10155085938253124
9465008123   10155089150268124
9465008123   10155092863698124
9465008123   10155093614108124
9465008123   10155096607568124
9465008123   10155096939598124
9465008123   10155099956598124
9465008123   10155100587063124
9465008123   10155100987278124
9465008123   10155101309438124
9465008123   10155101469753124
9465008123   10155103433438124
9465008123   10155103898033124
9465008123   10155104184068124
9465008123   10155105567263124
9465008123   10155106026433124
9465008123   10155108283768124
9465008123   10155109025093124
9465008123   10155110118303124
9465008123   10155110694448124
9465008123   10155111033813124
9465008123   10155111577108124
9465008123   10155111866658124
9465008123   10155112222588124
9465008123   10155112865068124
9465008123   10155113789028124
9465008123   10155114036433124
9465008123   10155114135293124
9465008123   10155114378598124
9465008123   10155114444218124
9465008123   10155114674743124
9465008123   10155114933138124
9465008123   10155115004843124
9465008123   10155115079418124
9465008123   10155115707788124
9465008123   10155115893848124
9465008123   10155115909248124
9465008123   10155116009093124
9465008123   10155116091613124
9465008123   10155116176273124
9465008123   10155116225668124
9465008123   10155116325538124
9465008123   10155116429453124
9465008123   10155116624213124
9465008123   10155117086283124
9465008123   10155117715003124
9465008123   10155119266773124
9465008123   10155119451433124
9465008123   10155121958873124
9465008123   10155122106533124
9465008123   10155122750343124
9465008123   10155124418733124
9465008123   10155124872428124
9465008123   10155125717838124
9465008123   10155126023068124
9465008123   10155127611338124
9465008123   10155129925158124
9465008123   10155130956508124
9465008123   10155133202993124
9465008123   10155134177918124
9465008123   10155140536708124
9465008123   10155142559568124
9465008123   10155143199073124
9465008123   10155144126813124
9465008123   10155147859863124
9465008123   10155150582638124
9465008123   10155151286273124
9465008123   10155160502393124
9465008123   10155161718668124
9465008123   10155164568798124
9465008123   10155165041213124
9465008123   10155166008048124
9465008123   10155167840958124
9465008123   10155168284088124
9465008123   10155169279503124
9465008123   10155169800533124
9465008123   10155171587868124
9465008123   10155172459498124
9465008123   10155173839018124
9465008123   10155175803268124
9465008123   10155176381768124
9465008123   10155176721138124
9465008123   10155177258533124
9465008123   10155178777183124
9465008123   10155179042738124
9465008123   10155179569028124
9465008123   10155184509603124
9465008123   10155186505288124
9465008123   10155186934033124
9465008123   10155188688573124
9465008123   10155189206633124
9465008123   10155190902953124
9465008123   10155191267098124
9465008123   10155191438973124
9465008123   10155191956978124
9465008123   10155192482128124
9465008123   10155192651108124
9465008123   10155194624288124
9465008123   10155194853993124
9465008123   10155195393463124
9465008123   10155197742303124
9465008123   10155198102113124
9465008123   10155198646728124
9465008123   10155198818833124
9465008123   10155200356633124
9465008123   10155201970308124
9465008123   10155207591803124
9465008123   10155208477498124
9465008123   10155210313553124
9465008123   10155211730118124
9465008123   10155213874813124
9465008123   10155214880988124
9465008123   10155215904598124
9465008123   10155218201173124
9465008123   10155218536073124
9465008123   10155219594673124
9465008123   10155220081538124
9465008123   10155223596773124
9465008123   10155232773383124
9465008123   10155233009943124
9465008123   10155233155008124
9465008123   10155233874103124
9465008123   10155236562298124
9465008123   10155237081108124
9465008123   10155239511598124
9465008123   10155240010918124
9465008123   10155240279713124
9465008123   10155241059993124
9465008123   10155241229853124
9465008123   10155242435803124
9465008123   10155242818428124
9465008123   10155242967223124
9465008123   10155243449813124
9465008123   10155243546678124
9465008123   10155243656593124
9465008123   10155243881343124
9465008123   10155246163153124
9465008123   10155246574988124
9465008123   10155249112998124
9465008123   10155251906263124
9465008123   10155252130163124
9465008123   10155252857148124
9465008123   10155253249603124
9465008123   10155255107003124
9465008123   10155255316188124
9465008123   10155255888058124
9465008123   10155256536603124
9465008123   10155258554148124
9465008123   10155258786278124
9465008123   10155259145768124
9465008123   10155259245793124
9465008123   10155261460678124
9465008123   10155261792888124
9465008123   10155262042013124
9465008123   10155262427268124
9465008123   10155265706303124
9465008123   10155265954403124
9465008123   10155266192888124
9465008123   10155267669283124
9465008123   10155270500053124
9465008123   10155270542868124
9465008123   10155272110843124
9465008123   10155273373518124
9465008123   10155274152598124
9465008123   10155276558408124
9465008123   10155276798673124
9465008123   10155280034583124
9465008123   10155282344358124
9465008123   10155283548018124
9465008123   10155285908728124
9465008123   10155286077208124
9465008123   10155286110593124
9465008123   10155286147473124
9465008123   10155288141623124
9465008123   10155288150273124
9465008123   10155297255238124
9465008123   10155297339693124
9465008123   10155297473408124
9465008123   10155297966818124
9465008123   10155298399598124
9465008123   10155300309113124
9465008123   10155300762733124
9465008123   10155300890143124
9465008123   10155301771538124
9465008123   10155303039478124
9465008123   10155305847963124
9465008123   10155305968808124
9465008123   10155306426603124
9465008123   10155307907263124
9465008123   10155315617038124
9465008123   10155318145888124
9465008123   10155320174678124
9465008123   10155320700478124
9465008123   10155323004083124
9465008123   10155323471718124
9465008123   10155323633563124
9465008123   10155323769073124
9465008123   10155326610688124
9465008123   10155327054033124
9465008123   10155328825058124
9465008123   10155329318613124
9465008123   10155334898083124
9465008123   10155335811533124
9465008123   10155336078723124
9465008123   10155338227803124
9465008123   10155338334523124
9465008123   10155338895033124
9465008123   10155339131928124
9465008123   10155341371763124
9465008123   10155344289943124
9465008123   10155344387583124
9465008123   10155344699148124
9465008123   10155347338773124
9465008123   10155347494403124
9465008123   10155348174778124
9465008123   10155348183273124
9465008123   10155350539358124
9465008123   10155353258883124
9465008123   10155356385348124
9465008123   10155356450413124
9465008123   10155357381593124
9465008123   10155357526068124
9465008123   10155358199023124
9465008123   10155359565663124
9465008123   10155360333323124
9465008123   10155362098228124
9465008123   10155362235678124
9465008123   10155362345353124
9465008123   10155363054158124
9465008123   10155365884383124
9465008123   10155366229758124
9465008123   10155366467378124
9465008123   10155366609678124
9465008123   10155368619143124
9465008123   10155592077563362
9465008123   10155746159603362
9465008123   10155786715928362
9465008123   10155805116388362
9465008123   10155859799658362
9465008123   10155882322078362
9465008123   10155988451163362
9465008123   10156036070183362
9465008123   10156048340918362
9465008123   10156071464828362
9465008123   10156094582073362
9465008123   10156181077318362
9465008123   10156211243138362
9465008123   10156264235798362
9465008123   10156349812933362
9465008123   1519978144702736
9465008123   1591718834195333
9465008123   1596648987035651
9465008123   1632940526739830
9465008123   1639289732771576
9465008123   1785116755073409
9465008123   1794358130815938
9465008123   1798851653699919
9465008123   1815411302051587
9465008123   1817336095184808
9465008123   1820056321566497
9465008123   1822905674614895
9465008123   1824026701182414
9465008123   1844972215762162
9465008123   1847758138796315
9465008123   1848684105383340
9465008123   1850909281814534
9465008123   1857536307831453
9465008123   1862296717355412
9465008123   1886102944740609
9465008123   643030535895491
9465008123   691682004366739
9465008123   706489029552703
96585976469   10153819432346470
96585976469   10154014923321470
96585976469   10154015621156470
96585976469   10154017756701470
96585976469   10154026970116470
96585976469   10154029666861470
96585976469   10154066242916470
96585976469   10154077270891470
96585976469   10154077280441470
96585976469   10154078552631470
96585976469   10154081070476470
96585976469   10154083569536470
96585976469   10154085403506470
96585976469   10154091038766470
96585976469   10154106956871470
96585976469   10154128759036470
96585976469   10154133527041470
96585976469   10154134202346470
96585976469   10154135302761470
96585976469   10154141989361470
96585976469   10154164941626470
96585976469   10154199548226470
96585976469   10154221992036470
96585976469   10154221996561470
96585976469   10154225730896470
96585976469   10154238552146470
96585976469   10154261415371470
96585976469   10154264443571470
96585976469   10154265554991470
96585976469   10154267159461470
96585976469   10154268382571470
96585976469   10154270657401470
96585976469   10154273381651470
96585976469   10154276815866470
96585976469   10154286687401470
96585976469   10154289474036470
96585976469   10154315009551470
96585976469   10154325459141470
96585976469   10154327440231470
96585976469   10154330468731470
96585976469   10154347728786470
96585976469   10154355500036470
96585976469   10154382692056470
96585976469   10154403438711470
96585976469   10154403443406470
96585976469   10154410688976470
96585976469   10154444809521470
96585976469   10154456207876470
96585976469   10154459425876470
96585976469   10154459913441470
96585976469   10154468146316470
96585976469   10154488717666470
96585976469   10154490076136470
96585976469   10154490127371470
96585976469   10154490477726470
96585976469   10154490809826470
96585976469   10154490839511470
96585976469   10154491256311470
96585976469   10154526409006470
96585976469   10154530077986470
96585976469   10154538835716470
96585976469   10154559877146470
96585976469   10154573438321470
96585976469   10154575931421470
96585976469   10154579169241470
96585976469   10154581966961470
96585976469   10154584988471470
96585976469   10154597554271470
96585976469   10154598019491470
96585976469   10154610410086470
96585976469   10154615373471470
96585976469   10154617649656470
96585976469   10154627508356470
96585976469   10154630360606470
96585976469   10154632693446470
96585976469   10154634802421470
96585976469   10154637184946470
96585976469   10154642237046470
96585976469   10154645764606470
96585976469   10154655004371470
96585976469   10154673473246470
96585976469   10154676029721470
96585976469   10154686023041470
96585976469   10154689273496470
96585976469   10154695786141470
96585976469   10154696750251470
96585976469   10154700996851470
96585976469   10154703449351470
96585976469   10154703864641470
96585976469   10154706302586470
96585976469   10154709976046470
96585976469   10154715269531470
96585976469   10154722394876470
96585976469   10154726813551470
96585976469   10154727637776470
96585976469   10154729857071470
96585976469   10154730050151470
96585976469   10154731949561470
96585976469   10154732279956470
96585976469   10154734222736470
96585976469   10154734839956470
96585976469   10154734854331470
96585976469   10154736406811470
96585976469   10154737216946470
96585976469   10154738930746470
96585976469   10154739288626470
96585976469   10154739393171470
96585976469   10154746475536470
96585976469   1869806923331088
