162956811038   10154779964776039
162956811038   10154780126396039
162956811038   10154781885516039
162956811038   10154782734441039
162956811038   10154785295236039
162956811038   10154791550146039
162956811038   10154791885396039
162956811038   10154798510616039
162956811038   10154806542681039
162956811038   10154806580926039
162956811038   10154813150901039
162956811038   10154813719231039
162956811038   10154815389371039
162956811038   10154815914291039
162956811038   10154820545741039
162956811038   10154821283776039
162956811038   10154824818271039
162956811038   10154825771401039
162956811038   10154826099156039
162956811038   10154829681876039
162956811038   10154831168266039
162956811038   10154834315926039
162956811038   10154839711996039
162956811038   10154840545196039
162956811038   10154840665531039
162956811038   10154843107046039
162956811038   10154845291206039
162956811038   10154845593146039
162956811038   10154848127586039
162956811038   10154848595581039
162956811038   10154851063931039
162956811038   10154852722426039
162956811038   10154852771851039
162956811038   10154853269711039
162956811038   10154855706431039
162956811038   10154862794831039
162956811038   10154863619611039
162956811038   10154865994551039
162956811038   10154866149501039
162956811038   10154866280441039
162956811038   10154871669396039
162956811038   10154872035126039
162956811038   10154872332616039
162956811038   10154875678111039
164505093569983   1327770303910117
164505093569983   1328606190493195
164505093569983   1335503496470131
164505093569983   1337925106227970
164505093569983   1341567365863744
164505093569983   1344981692188978
164505093569983   1347803665240114
164505093569983   1363553120331835
164505093569983   1368173539869793
164505093569983   1378440288843118
164505093569983   1385285118158635
164505093569983   1386665938020553
164505093569983   1395228120497668
164505093569983   1399514196735727
164505093569983   1401507963203017
164505093569983   1405061366181010
164505093569983   1407897059230774
164505093569983   1408129189207561
164505093569983   1419472521406561
164505093569983   1420542511299562
164505093569983   1421757981178015
164505093569983   1422767714410375
164505093569983   1430595553627591
164505093569983   1436433956377084
164505093569983   1437782976242182
164505093569983   1438869252800221
164505093569983   1443196359034177
164505093569983   1450890214931458
164505093569983   1452182318135581
164505093569983   1453417871345359
164505093569983   1457926560894490
164505093569983   1458302327523580
164505093569983   1459703824050097
164505093569983   1461011113919368
164505093569983   1463082210378925
164505093569983   1466989609988185
164505093569983   1471685426185270
164505093569983   1473620222658457
164505093569983   1474521775901635
164505093569983   1479335545420258
164505093569983   1479763942044085
164505093569983   1481908671829612
164505093569983   1485139081506571
164505093569983   1485316201488859
164505093569983   1487246484629164
164505093569983   1488484931171986
164505093569983   1489325631087916
164505093569983   1493401530680326
164505093569983   1498854826801663
164505093569983   1503633629657116
164505093569983   1504615872892225
164505093569983   1509035349116944
164505093569983   1509040562449756
164505093569983   1509312582422554
164505093569983   1512216092132203
164505093569983   1517873128233166
164505093569983   1518772678143211
164505093569983   1519800691373743
164505093569983   1520060838014395
164505093569983   1522082287812250
164505093569983   1525283807492098
164505093569983   1528805790473233
164505093569983   1533098703377275
164505093569983   1535358966484582
164505093569983   1536484129705399
164505093569983   1542283542458791
164505093569983   1543289322358213
164505093569983   1544449835575495
164505093569983   1547512981935847
164505093569983   1548149615205517
164505093569983   1548199148533897
164505093569983   1556313621055783
164505093569983   1559302087423603
164505093569983   1564323323588146
164505093569983   1565532160133929
164505093569983   1565543566799455
164505093569983   1569981923022286
164505093569983   1576087985745013
164505093569983   1576133145740497
164505093569983   1576864352334043
164505093569983   1577718925581919
164505093569983   1578655468821598
164505093569983   1578986402121838
164505093569983   1579021378785007
164505093569983   1581582341862244
164505093569983   1582512605102551
164505093569983   1584566221563856
164505093569983   1585420104811801
164505093569983   1585480254805786
164505093569983   1586209288066216
164505093569983   1588029594550852
164505093569983   1589868084367003
164505093569983   1590930054260806
164505093569983   1591949187492226
164505093569983   1594348250585653
164505093569983   1594442570576221
164505093569983   1595073713846440
164505093569983   1595476000472878
164505093569983   1595987513755060
164505093569983   1596183657068779
164505093569983   1596297780390700
164505093569983   1596426583711153
164505093569983   1597022850318193
164505093569983   1601284149892063
164505093569983   1602126303141181
164505093569983   1602221566464988
168342453214799   1188392274543140
168342453214799   1190674337648267
168342453214799   1190863544296013
168342453214799   1191658570883177
168342453214799   1192152190833815
168342453214799   1192360837479617
168342453214799   1192402400808794
168342453214799   1193922647323436
168342453214799   1195546737161027
168342453214799   1195982167117484
168342453214799   1196002967115404
168342453214799   1196030590445975
168342453214799   1196072250441809
168342453214799   1196309333751434
168342453214799   1197041553678212
168342453214799   1197160693666298
168342453214799   1197346180314416
168342453214799   1197400220309012
168342453214799   1200515933330774
168342453214799   1201401216575579
168342453214799   1202073746508326
168342453214799   1202155636500137
168342453214799   1203087026406998
168342453214799   1203150739733960
168342453214799   1204837612898606
168342453214799   1206902616025439
168342453214799   1207831212599246
168342453214799   1207948032587564
168342453214799   1207951672587200
168342453214799   1209414622440905
168342453214799   1209498035765897
168342453214799   1210273332355034
168342453214799   1210383822343985
168342453214799   1210567968992237
168342453214799   1212044955511205
168342453214799   1212676075448093
168342453214799   1215272771855090
168342453214799   1215275275188173
168342453214799   1216939561688411
168342453214799   1217182694997431
168342453214799   1217239348325099
168342453214799   1217291421653225
168342453214799   1217979324917768
168342453214799   1218288861553481
168342453214799   1218849018164132
168342453214799   1219125768136457
168342453214799   1219796438069390
168342453214799   1220006418048392
168342453214799   1220550114660689
168342453214799   1220737047975329
168342453214799   1220808161301551
168342453214799   1221300644585636
168342453214799   1221464854569215
168342453214799   1221537784561922
168342453214799   1222727311109636
168342453214799   1223542687694765
168342453214799   1223681997680834
168342453214799   1223756111006756
168342453214799   1223825397666494
168342453214799   1224448017604232
168342453214799   1224452530937114
168342453214799   1224521230930244
168342453214799   1224639914251709
168342453214799   1225146727534361
168342453214799   1226033640779003
168342453214799   1226285594087141
168342453214799   1227039267345107
168342453214799   1227670300615337
168342453214799   1227909703924730
168342453214799   1228481777200856
168342453214799   1228711300511237
168342453214799   1228844903831210
168342453214799   1229274170454950
168342453214799   1230525763663124
168342453214799   1234081823307518
168342453214799   1235090363206664
168342453214799   1235847989797568
168342453214799   1236657099716657
168342453214799   1236691053046595
168342453214799   1237410606307973
168342453214799   1237415472974153
168342453214799   1237657072949993
168342453214799   1238568206192213
168342453214799   1239331709449196
168342453214799   1240321562683544
168342453214799   1241289069253460
168342453214799   1241939305855103
168342453214799   1242074865841547
168342453214799   1242489805800053
168342453214799   1243206365728397
168342453214799   1243323582383342
168342453214799   1244114792304221
168342453214799   1246562205392813
168342453214799   1246572428725124
168342453214799   1246677562047944
168342453214799   1247370738645293
168342453214799   1247506555298378
168342453214799   1249394675109566
168342453214799   1249796291736071
168342453214799   1251571124891921
168342453214799   1251794634869570
168342453214799   1252535974795436
168342453214799   1252702864778747
168342453214799   1254291397953227
168342453214799   1254422904606743
168342453214799   1257027787679588
168342453214799   1257093104339723
168342453214799   1257895657592801
168342453214799   1260050684043965
168342453214799   1260782507304116
168342453214799   1260934533955580
168342453214799   1261873663861667
168342453214799   1262643147118052
168342453214799   1262881250427575
168342453214799   1263943196988047
168342453214799   1264892116893155
168342453214799   1265828746799492
168342453214799   1266905696691797
168342453214799   1267036370012063
168342453214799   1268856919830008
168342453214799   1268931469822553
168342453214799   1269855646396802
168342453214799   1270569366325430
168342453214799   1270824992966534
168342453214799   1271778249537875
168342453214799   1272593092789724
168342453214799   1273826672666366
168342453214799   1274755475906819
168342453214799   1274822815900085
168342453214799   1275195279196172
168342453214799   1277157228999977
168342453214799   1278598242189209
168342453214799   1278605905521776
168342453214799   1278633505519016
168342453214799   1278790658836634
168342453214799   1281983895183977
168342453214799   1283038115078555
168342453214799   1285128338202866
168342453214799   1286369594745407
168342453214799   1286551858060514
168342453214799   1288279787887721
168342453214799   1289387727776927
168342453214799   1290320467683653
168342453214799   1292577567457943
168342453214799   1293789210670112
168342453214799   1294758397239860
168342453214799   1297079740341059
168342453214799   1298260883556278
168342453214799   1299480750100958
168342453214799   1300299470019086
168342453214799   1301556029893430
168342453214799   1304845996231100
168342453214799   1305248602857506
168342453214799   1306334689415564
168342453214799   1307224509326582
168342453214799   1307635302618836
168342453214799   1308524279196605
168342453214799   1309175585798141
168342453214799   1310033742378992
168342453214799   1310879912294375
168342453214799   1311966745519025
168342453214799   1312665382115828
168342453214799   1313658498683183
168342453214799   1314248795290820
168342453214799   1316091365106563
168342453214799   1316760575039642
168342453214799   1318358831546483
168342453214799   1318499134865786
168342453214799   1322223447826688
168342453214799   1324218090960557
168342453214799   1324363947612638
168342453214799   1326037814111918
168342453214799   1326964087352624
168342453214799   1327852150597151
168342453214799   1328610503854649
168342453214799   1328844090497957
168342453214799   1329477950434571
168342453214799   1330464840335882
168342453214799   1332015060180860
168342453214799   1332933630089003
168342453214799   1334155546633478
168342453214799   1334820679900298
168342453214799   1335815353134164
168342453214799   1337840969598269
168342453214799   1339056222810077
168342453214799   1340179852697714
168342453214799   1341620162553683
168342453214799   1342737332441966
168342453214799   1342817919100574
168342453214799   1344461342269565
168342453214799   1344525482263151
168342453214799   1345584945490538
168342453214799   1346151472100552
168342453214799   1348266618555704
168342453214799   1348859205163112
168342453214799   1348976315151401
168342453214799   1349299128452453
168342453214799   1350164505032582
168342453214799   1351838364865196
168342453214799   1352904784758554
168342453214799   1354877637894602
168342453214799   1356876267694739
168342453214799   1357776094271423
168342453214799   1358855340830165
168342453214799   1360651977317168
168342453214799   1361902903858742
168342453214799   1362838863765146
168342453214799   1362948127087553
168342453214799   1363215257060840
168342453214799   1363295520386147
168342453214799   1364049256977440
168342453214799   1364834206898945
168342453214799   1365042600211439
168342453214799   1365173036865062
168342453214799   1366050880110611
168342453214799   1367221303326902
168342453214799   1367975223251510
168342453214799   1368845746497791
168342453214799   1369058086476557
168342453214799   1372075172841515
168342453214799   1374546209261078
168342453214799   1375535519162147
168342453214799   1378027985579567
168342453214799   1378820982166934
168342453214799   1379105262138506
168342453214799   1379923738723325
168342453214799   1381687905213575
168342453214799   1382423298473369
168342453214799   1382895115092854
168342453214799   1383826551666377
168342453214799   1384851531563879
168342453214799   1385842321464800
168342453214799   1388763907839308
168342453214799   1390259531023079
168342453214799   1391596080889424
168342453214799   1392358047479894
168342453214799   1392450334137332
168342453214799   1393974610651571
168342453214799   1394093493973016
168342453214799   1394669693915396
168342453214799   1395897293792636
168342453214799   1396803747035324
168342453214799   1397708353611530
168342453214799   1398985446817154
168342453214799   1399034366812262
168342453214799   1399629290086103
168342453214799   1401401069908925
168342453214799   1402677753114590
168342453214799   1403518603030505
168342453214799   1404389802943385
168342453214799   1406115066104192
168342453214799   1407132292669136
168342453214799   1408293849219647
168342453214799   1408699795845719
168342453214799   1410112262371139
168342453214799   1411165162265849
168342453214799   1411944615521237
168342453214799   1412697948779237
168342453214799   1413281918720840
168342453214799   1413533275362371
168342453214799   1413666902015675
168342453214799   1414305681951797
168342453214799   1415313131851052
168342453214799   1415446238504408
168342453214799   1416396338409398
168342453214799   1417235938325438
168342453214799   1418916811490684
168342453214799   1421325694583129
168342453214799   1422199897829042
168342453214799   1422490674466631
168342453214799   1422552114460487
168342453214799   1423454544370244
168342453214799   1424325727616459
168342453214799   1426533064062392
168342453214799   1426649697384062
168342453214799   1428206777228354
168342453214799   1428450747203957
168342453214799   1428595687189463
168342453214799   1429457417103290
168342453214799   1432770973438601
168342453214799   1432860176763014
168342453214799   1433516783364020
168342453214799   1438718399510525
168342453214799   1444942448888120
168342453214799   1445200988862266
168342453214799   1445956472120051
168342453214799   1446644555384576
168342453214799   1446872438695121
168342453214799   1447494215299610
168342453214799   1447580391957659
168342453214799   1448450951870603
169890760789   10155082471323719
169890760789   10158034384220790
169890760789   10158034389100790
169890760789   10158122923240790
169890760789   10158143044145790
169890760789   10158148073210790
169890760789   10158149289805790
169890760789   10158156507055790
169890760789   10158156616210790
169890760789   10158157728825790
169890760789   10158157779330790
169890760789   10158157794680790
169890760789   10158169697160790
169890760789   10158173407800790
169890760789   10158193008510790
169890760789   10158193685850790
169890760789   10158193693870790
169890760789   10158193705155790
169890760789   10158193727130790
169890760789   10158193744075790
169890760789   10158193760550790
169890760789   10158198114555790
169890760789   10158202849615790
169890760789   10158205426910790
169890760789   10158205869225790
169890760789   10158222973305790
169890760789   10158224785685790
169890760789   10158240183530790
169890760789   10158240952670790
169890760789   10158262950475790
169890760789   10158264069375790
169890760789   10158264142320790
169890760789   10158264176765790
169890760789   10158268567350790
169890760789   10158273939515790
169890760789   10158274308180790
169890760789   10158274341035790
169890760789   10158274416080790
169890760789   10158274505035790
169890760789   10158278048415790
169890760789   10158298569070790
169890760789   10158309873360790
169890760789   10158313416615790
169890760789   10158317227230790
169890760789   10158318382895790
169890760789   10158318634755790
169890760789   10158318901200790
169890760789   10158332275425790
169890760789   10158341206770790
169890760789   10158356424515790
169890760789   10158375959060790
169890760789   10158389822015790
169890760789   10158390038550790
169890760789   10158390275070790
169890760789   10158390296865790
169890760789   10158390325710790
169890760789   10158408556510790
169890760789   10158422761215790
169890760789   10158422764045790
169890760789   10158422865290790
169890760789   10158422880840790
169890760789   10158422897900790
169890760789   10158423128895790
169890760789   10158443809015790
169890760789   10158458899680790
169890760789   10158483224980790
169890760789   10158494937425790
169890760789   10158503774405790
169890760789   10158504370730790
169890760789   10158504406310790
169890760789   10158518272355790
169890760789   10158521103745790
169890760789   10158521157610790
169890760789   10158540293100790
169890760789   10158541040850790
169890760789   10158556255075790
169890760789   10158561271295790
169890760789   10158565823065790
169890760789   10158575863045790
169890760789   10158576009785790
169890760789   10158594987900790
169890760789   10158595691650790
169890760789   10158635089140790
169890760789   10158638514690790
169890760789   10158648204285790
169890760789   10158652353620790
169890760789   10158652371090790
169890760789   10158654189450790
169890760789   10158654191240790
169890760789   10158654259930790
169890760789   10158682942045790
169890760789   10158682947545790
169890760789   10158682950505790
169890760789   10158692414685790
169890760789   10158706072285790
169890760789   10158706105935790
169890760789   10158724198505790
169890760789   10158724198805790
169890760789   10158742826865790
169890760789   10158743042260790
169890760789   10158745203655790
169890760789   10158750091845790
169890760789   10158754107795790
169890760789   10158759319925790
169890760789   10158761013675790
169890760789   10158777878170790
169890760789   10158779148540790
169890760789   10158783716285790
169890760789   10158787470710790
169890760789   10158793674500790
169890760789   10158794023005790
169890760789   10158798321495790
169890760789   10158813970250790
169890760789   10158813996535790
169890760789   10158814863155790
169890760789   10158815476565790
169890760789   10158820975350790
169890760789   10158821637970790
169890760789   10158839910225790
169890760789   10158844644700790
169890760789   10158853449295790
169890760789   10158857717995790
169890760789   10158858207020790
169890760789   10158864855645790
169890760789   10158869558745790
169890760789   10158896063180790
169890760789   10158901139440790
169890760789   10158908299185790
169890760789   10158916377305790
169890760789   10158919371340790
169890760789   10158928947260790
169890760789   10158946845240790
169890760789   10158947610750790
169890760789   10158947618775790
169890760789   10158947742515790
169890760789   10158970223875790
169890760789   10158971075235790
169890760789   10158975056205790
169890760789   10158981140645790
169890760789   10159008499305790
169890760789   10159025039420790
169890760789   10159028555605790
169890760789   10159058388855790
169890760789   10159061447560790
169890760789   10159061743685790
169890760789   10159061958320790
169890760789   10159065573050790
169890760789   10159066799455790
169890760789   10159071279160790
169890760789   10159084034870790
169890760789   10159111221325790
169890760789   10159134391910790
169890760789   10159135496215790
169890760789   10159179623650790
169890760789   10159183363225790
169890760789   10159202291035790
169890760789   10159202493570790
169890760789   10159217232690790
169890760789   10159220901350790
169890760789   10159221779535790
169890760789   10159239269870790
169890760789   10159239319505790
169890760789   10159239324695790
169890760789   10159239382345790
169890760789   10159275725520790
169890760789   10159276978215790
169890760789   10159292436120790
169890760789   10159297871380790
169890760789   10159301582385790
169890760789   10159306146005790
169890760789   10159320949380790
169890760789   10159326353790790
169890760789   10159328529550790
169890760789   10159328677725790
169890760789   10159331964265790
169890760789   10159335606460790
169890760789   10159335710590790
169890760789   10159337024405790
169890760789   10159341036840790
169890760789   10159347533065790
169890760789   10159360104620790
169890760789   10159361316545790
169890760789   10159371569465790
169890760789   10159371571095790
169890760789   10159381078705790
169890760789   10159396312780790
169890760789   10159399754295790
169890760789   10159399760460790
169890760789   10159399762335790
169890760789   10159400269155790
169890760789   10159411089165790
169890760789   10159448268240790
169890760789   10159448288060790
169890760789   10159448396325790
169890760789   10159448414145790
169890760789   10159448488835790
169890760789   10159448530830790
169890760789   10159448530930790
169890760789   10159453094975790
169890760789   10159462539185790
169890760789   10159469510325790
169890760789   10159495865475790
169890760789   10159504280945790
169890760789   10159532176970790
169890760789   10159532541370790
169890760789   10159541502235790
169890760789   1376572035759481
17027909138   10154433259174139
17027909138   10154449100989139
17027909138   10154457045234139
17027909138   10154461768289139
17027909138   10154470254369139
17027909138   10154478577014139
17027909138   10154492432399139
17027909138   10154499476504139
17027909138   10154507445239139
17027909138   10154520448829139
17027909138   10154526913049139
17027909138   10154529152519139
17027909138   10154531878629139
17027909138   10154538833844139
17027909138   10154540207989139
17027909138   10154540995619139
17027909138   10154543135249139
17027909138   10154543844384139
17027909138   10154546297194139
17027909138   10154549628024139
17027909138   10154551945879139
17027909138   10154552041289139
17027909138   10154559305974139
17027909138   10154569427184139
17027909138   10154581243279139
17027909138   10154582897699139
17027909138   10154585890124139
17027909138   10154588350094139
17027909138   10154599020554139
17027909138   10154599316639139
17027909138   10154601350989139
17027909138   10154608943009139
17027909138   10154617601024139
17027909138   10154623771819139
17027909138   10154636472769139
17027909138   10154642641479139
17027909138   10154647101249139
17027909138   10154655144164139
17027909138   10154661021829139
17027909138   10154668639319139
17027909138   10154669147934139
17027909138   10154674328144139
17027909138   10154682770694139
17027909138   10154687522959139
17027909138   10154687762014139
17027909138   10154701402484139
17027909138   10154708319079139
17027909138   10154729403564139
17027909138   10154746285059139
17027909138   10154749272259139
17027909138   10154750126319139
17027909138   10154761697819139
17027909138   10154770392044139
17027909138   10154775855444139
17027909138   10154790540419139
17027909138   10154790725269139
17027909138   10154811674104139
17027909138   10154814737589139
17027909138   10154814998504139
17027909138   10154820331759139
17027909138   10154835321729139
17027909138   10154841027374139
17027909138   10154856036244139
17027909138   10154869806419139
17027909138   10154881552449139
17027909138   10154891283394139
17027909138   10154904255309139
17027909138   10154913680354139
17027909138   10154922695469139
17027909138   10154922717169139
17027909138   10154940676639139
17027909138   10154947887839139
17027909138   10154965176809139
17027909138   10154968724839139
17027909138   10154975897449139
17027909138   10154983326059139
17027909138   10154994107804139
17027909138   10155007945404139
17027909138   10155011235779139
17027909138   10155017317579139
17027909138   10155035512549139
17027909138   10155042678894139
17027909138   10155052048754139
17027909138   10155062705264139
17027909138   10155070904969139
17027909138   10155081900334139
17027909138   10155089676144139
17027909138   10155101340679139
17027909138   10155103808909139
17027909138   10155111149874139
17027909138   10155119412319139
17027909138   10155124412849139
17027909138   10155134727224139
17027909138   10155137032779139
17027909138   10155141746509139
17027909138   10155141927819139
17027909138   10155174444574139
17027909138   10155176801239139
17027909138   10155177245809139
17027909138   10155189626414139
17027909138   10155191414514139
17027909138   10155193581834139
17027909138   10155203593624139
17027909138   10155213864134139
17027909138   10155221878329139
17027909138   10155226696104139
17027909138   10155232290714139
174259145987694   1233051103441821
174259145987694   1268231169923814
174259145987694   1268231629923768
174259145987694   1268264093253855
174259145987694   1268490426564555
174259145987694   1269191256494472
174259145987694   1270667006346897
174259145987694   1270669353013329
174259145987694   1270673183012946
174259145987694   1270706033009661
174259145987694   1270707873009477
174259145987694   1270711016342496
174259145987694   1270712749675656
174259145987694   1270716719675259
174259145987694   1270719069675024
174259145987694   1270801969666734
174259145987694   1270865642993700
174259145987694   1270865832993681
174259145987694   1270865986326999
174259145987694   1270866169660314
174259145987694   1273390332741231
174259145987694   1280244808722450
174259145987694   1282865628460368
174259145987694   1282865905127007
174259145987694   1282866308460300
174259145987694   1282867081793556
174259145987694   1282867345126863
174259145987694   1282869608459970
174259145987694   1282869961793268
174259145987694   1282870698459861
174259145987694   1282871211793143
174259145987694   1282872118459719
174259145987694   1282873168459614
174259145987694   1282873655126232
174259145987694   1282874185126179
174259145987694   1282874595126138
174259145987694   1282874898459441
174259145987694   1282876625125935
174259145987694   1282877508459180
174259145987694   1282878518459079
174259145987694   1288020224611575
174259145987694   1313823568697907
174259145987694   1314077958672468
174259145987694   1314078752005722
174259145987694   1314079678672296
174259145987694   1314080428672221
174259145987694   1314080892005508
174259145987694   1314081692005428
174259145987694   1314082212005376
174259145987694   1314083352005262
174259145987694   1314083808671883
174259145987694   1314089465337984
174259145987694   1314092212004376
174259145987694   1314092632004334
174259145987694   1314093042004293
174259145987694   1314093862004211
174259145987694   1314095498670714
174259145987694   1314096328670631
174259145987694   1314965728583691
174259145987694   1316919448388319
174259145987694   1326587157421548
174259145987694   1334733936606870
174259145987694   1335410439872553
174259145987694   1336233253123605
174259145987694   1337203749693222
174259145987694   1340840945996169
174259145987694   1342119625868301
174259145987694   1342126189200978
174259145987694   1344038569009740
174259145987694   1344045062342424
174259145987694   1344045529009044
174259145987694   1344047539008843
174259145987694   1344048462342084
174259145987694   1344050069008590
174259145987694   1344050599008537
174259145987694   1344051299008467
174259145987694   1344052539008343
174259145987694   1344053182341612
174259145987694   1344055622341368
174259145987694   1344060169007580
174259145987694   1344061242340806
174259145987694   1344061819007415
174259145987694   1344062459007351
174259145987694   1344062879007309
174259145987694   1348168855263378
174259145987694   1356781197735477
174259145987694   1382625451817718
174259145987694   1382626328484297
174259145987694   1382631345150462
174259145987694   1382631958483734
174259145987694   1382632481817015
174259145987694   1390671857679744
174259145987694   1392194454194151
174259145987694   1392194567527473
174259145987694   1397856560294607
174259145987694   1397856750294588
174259145987694   1397857216961208
174259145987694   1397858370294426
174259145987694   1397859270294336
174259145987694   1397859803627616
174259145987694   1397860260294237
174259145987694   1397860486960881
174259145987694   1397860740294189
174259145987694   1397861006960829
174259145987694   1397861403627456
174259145987694   1397862283627368
174259145987694   1397862486960681
174259145987694   1398931330187130
174259145987694   1420092188071044
174259145987694   1420709658009297
174259145987694   1420727821340814
174259145987694   1420729374673992
174259145987694   1420747158005547
174259145987694   1420753604671569
174259145987694   1420758661337730
174259145987694   1420772948002968
174259145987694   1420775614669368
174259145987694   1420788791334717
174259145987694   1420789848001278
174259145987694   1420791204667809
174259145987694   1420793031334293
174259145987694   1420797051333891
174259145987694   1420797821333814
174259145987694   1420798531333743
174259145987694   1421980381215558
174259145987694   1426567167423546
174259145987694   1427715970641999
174259145987694   1428849730528623
174259145987694   1434408323306097
174259145987694   1434420359971560
174259145987694   1434454653301464
174259145987694   1434457303301199
174259145987694   1434464176633845
174259145987694   1434478566632406
174259145987694   1434499619963634
174259145987694   1434547913292138
174259145987694   1435838109829785
174259145987694   1447727915307471
174259145987694   1447775705302692
174259145987694   1448866075193655
174259145987694   1448886618524934
174259145987694   1448888271858102
174259145987694   1448889438524652
174259145987694   1448889985191264
174259145987694   1448890398524556
174259145987694   1448891295191133
174259145987694   1448892025191060
174259145987694   1448892415191021
174259145987694   1448892931857636
174259145987694   1448893565190906
174259145987694   1448893908524205
174259145987694   1448895051857424
174259145987694   1448895868524009
174259145987694   1448900875190175
174259145987694   1449923695087893
174259145987694   1450167675063495
174259145987694   1450178705062392
174259145987694   1458761390870790
174259145987694   1458883557525240
174259145987694   1462734313806831
174259145987694   1466669123413350
174259145987694   1477951222285140
174259145987694   1477952748951654
174259145987694   1477954145618181
174259145987694   1477955108951418
174259145987694   1477956592284603
174259145987694   1477957908951138
174259145987694   1477958718951057
174259145987694   1477959392284323
174259145987694   1477962208950708
174259145987694   1477965272283735
174259145987694   1477966058950323
174259145987694   1477966985616897
174259145987694   1477972295616366
174259145987694   1477976695615926
174259145987694   1477979628948966
174259145987694   1477980598948869
174259145987694   1477981045615491
174259145987694   1477982238948705
174259145987694   1477983608948568
174259145987694   1484430321637230
174259145987694   1486387374774858
174259145987694   1487364778010451
174259145987694   1489903077756621
174259145987694   1497511420329120
174259145987694   1502332693180326
174259145987694   1504916806255248
174259145987694   1504945146252414
174259145987694   1504948252918770
174259145987694   1504949769585285
174259145987694   1504950232918572
174259145987694   1504952186251710
174259145987694   1504953436251585
174259145987694   1504953802918215
174259145987694   1504954256251503
174259145987694   1504954819584780
174259145987694   1504955319584730
174259145987694   1504956489584613
174259145987694   1504957659584496
174259145987694   1504959919584270
174259145987694   1504960782917517
174259145987694   1504964312917164
174259145987694   1504964839583778
174259145987694   1509511269129135
174259145987694   1511233408956921
174259145987694   1528402997239962
174259145987694   1535734516506810
17648521247   10154871701746248
17648521247   10154897417761248
17648521247   10154897513376248
17648521247   10154897605056248
17648521247   10154920279546248
17648521247   10154922382796248
17648521247   10154928655231248
17648521247   10154941337361248
17648521247   10154941547431248
17648521247   10155004660431248
17648521247   10155007448506248
17648521247   10155009747696248
17648521247   10155022044486248
17648521247   10155022052606248
17648521247   10155028203291248
17648521247   10155045249116248
17648521247   10155045358626248
17648521247   10155048166911248
17648521247   10155052865711248
17648521247   10155075620341248
17648521247   10155075790681248
17648521247   10155079313006248
17648521247   10155090566326248
17648521247   10155115765541248
17648521247   10155116109841248
17648521247   10155116548451248
17648521247   10155120787516248
17648521247   10155124459646248
17648521247   10155124631926248
17648521247   10155140716376248
17648521247   10155143660336248
17648521247   10155146393446248
17648521247   10155146456916248
17648521247   10155147039936248
17648521247   10155163870681248
17648521247   10155170231641248
17648521247   10155171427941248
17648521247   10155173442126248
17648521247   10155182012036248
17648521247   10155187947421248
17648521247   10155189920306248
17648521247   10155190167866248
17648521247   10155198766951248
17648521247   10155204881356248
17648521247   10155209694706248
17648521247   10155223613921248
17648521247   10155223791571248
17648521247   10155223804111248
17648521247   10155224098346248
17648521247   10155234848746248
17648521247   10155253164461248
17648521247   10155277964691248
17648521247   10155287528426248
17648521247   10155288348361248
17648521247   10155307108156248
17648521247   10155309957061248
17648521247   10155327242986248
17648521247   10155340175491248
17648521247   10155346638956248
17648521247   10155361041321248
17648521247   10155363432756248
17648521247   10155387567391248
17648521247   10155393699456248
17648521247   10155393720166248
17648521247   10155393853426248
17648521247   10155410872756248
17648521247   10155414685551248
17648521247   10155420865531248
17648521247   10155439099551248
17648521247   10155448494001248
17648521247   10155460938466248
17648521247   10155474717741248
17648521247   10155509180706248
17648521247   10155553184956248
17648521247   10155571239121248
17648521247   10155574340471248
17648521247   10155601783991248
17648521247   10155617628726248
17648521247   10155633289756248
17648521247   10155641498941248
17648521247   10155652549831248
17648521247   10155656233726248
17648521247   10155664249496248
17648521247   10155680115246248
17648521247   10155694920686248
17648521247   10155694954081248
17648521247   10155695140616248
17648521247   10155701974716248
17648521247   10155715779181248
17648521247   10155735524986248
17648521247   10155735768951248
17648521247   10155763626011248
17648521247   10158683337645386
17648521247   1326632924112070
179590995428478   1188213524566215
179590995428478   1194096870644547
179590995428478   1194098787311022
179590995428478   1195099713877596
179590995428478   1195118107209090
179590995428478   1195160687204832
179590995428478   1196018017119099
179590995428478   1196089797111921
179590995428478   1196799473707620
179590995428478   1197002307020670
179590995428478   1197005163687051
179590995428478   1197008140353420
179590995428478   1199400156780885
179590995428478   1199677010086533
179590995428478   1200275076693393
179590995428478   1201200316600869
179590995428478   1202264819827752
179590995428478   1202268559827378
179590995428478   1202305129823721
179590995428478   1203109209743313
179590995428478   1203111233076444
179590995428478   1203112223076345
179590995428478   1203115843075983
179590995428478   1206768742710693
179590995428478   1207938115927089
179590995428478   1208632932524274
179590995428478   1208826539171580
179590995428478   1209482259106008
179590995428478   1209483722439195
179590995428478   1209506782436889
179590995428478   1209509259103308
179590995428478   1209509982436569
179590995428478   1209511309103103
179590995428478   1212520992135468
179590995428478   1213888828665351
179590995428478   1214030541984513
179590995428478   1214989411888626
179590995428478   1216021218452112
179590995428478   1216270421760525
179590995428478   1217340478320186
179590995428478   1217590211628546
179590995428478   1221122434608657
179590995428478   1223711094349791
179590995428478   1224790987575135
179590995428478   1224807554240145
179590995428478   1224828597571374
179590995428478   1225954040792163
179590995428478   1225954954125405
179590995428478   1228528070534760
179590995428478   1229696630417904
179590995428478   1229787300408837
179590995428478   1230779970309570
179590995428478   1231798956874338
179590995428478   1232504623470438
179590995428478   1232508920136675
179590995428478   1232511643469736
179590995428478   1235206766533557
179590995428478   1235466223174278
179590995428478   1235494076504826
179590995428478   1236129029774664
179590995428478   1236228543098046
179590995428478   1236948483026052
179590995428478   1238216369565930
179590995428478   1238407802880120
179590995428478   1239263936127840
179590995428478   1239266656127568
179590995428478   1239656709421896
179590995428478   1243244399063127
179590995428478   1244514348936132
179590995428478   1244532465600987
179590995428478   1244861635568070
179590995428478   1245652092155691
179590995428478   1246003482120552
179590995428478   1246837718703795
179590995428478   1248306055223628
179590995428478   1248307951890105
179590995428478   1250878661633034
179590995428478   1250902754963958
179590995428478   1250907261630174
179590995428478   1250910041629896
179590995428478   1251865454867688
179590995428478   1251893958198171
179590995428478   1251896368197930
179590995428478   1252094471511453
179590995428478   1252945674759666
179590995428478   1253265184727715
179590995428478   1254037231317177
179590995428478   1254092597978307
179590995428478   1254189634635270
179590995428478   1254966044557629
179590995428478   1254983317889235
179590995428478   1255004451220455
179590995428478   1255365951184305
179590995428478   1258202784233955
179590995428478   1258236307563936
179590995428478   1259166084137625
179590995428478   1259167764137457
179590995428478   1259169527470614
179590995428478   1259176200803280
179590995428478   1263734397014127
179590995428478   1263757160345184
179590995428478   1263833827004184
179590995428478   1267543736633193
179590995428478   1267565066631060
179590995428478   1267615746625992
179590995428478   1267643703289863
179590995428478   1268265293227704
179590995428478   1268294393224794
179590995428478   1268450006542566
179590995428478   1269134926474074
179590995428478   1269932793060954
179590995428478   1269950489725851
179590995428478   1270104516377115
179590995428478   1270637699657130
179590995428478   1270746512979582
179590995428478   1270807982973435
179590995428478   1270811829639717
179590995428478   1271476172906616
179590995428478   1272508556136711
179590995428478   1273121439408756
179590995428478   1273128652741368
179590995428478   1273155436072023
179590995428478   1273256472728586
179590995428478   1273925159328384
179590995428478   1273980485989518
179590995428478   1274041285983438
179590995428478   1274749312579302
179590995428478   1274772835910283
179590995428478   1274859215901645
179590995428478   1275873689133531
179590995428478   1276752089045691
179590995428478   1276770529043847
179590995428478   1279707982083435
179590995428478   1280579895329577
179590995428478   1280671995320367
179590995428478   1282343378486562
179590995428478   1282344601819773
179590995428478   1282382421815991
179590995428478   1282419935145573
179590995428478   1282421798478720
179590995428478   1282599175127649
179590995428478   1283338318387068
179590995428478   1283404368380463
179590995428478   1286043678116532
179590995428478   1286096218111278
179590995428478   1286941731360060
179590995428478   1286981484689418
179590995428478   1287250614662505
179590995428478   1287258927995007
179590995428478   1288149437905956
179590995428478   1288977624489804
179590995428478   1289232254464341
179590995428478   1289260311128202
179590995428478   1290047821049451
179590995428478   1290051617715738
179590995428478   1290053711048862
179590995428478   1290078201046413
179590995428478   1292979260756307
179590995428478   1293004637420436
179590995428478   1293196990734534
179590995428478   1294058333981733
179590995428478   1294065747314325
179590995428478   1294067923980774
179590995428478   1296101220444111
179590995428478   1296220873765479
179590995428478   1296221620432071
179590995428478   1301908943196672
179590995428478   1303571506363749
179590995428478   1303723429681890
179590995428478   1303810236339876
179590995428478   1303817423005824
179590995428478   1305553142832252
179590995428478   1309389215781978
179590995428478   1310202522367314
179590995428478   1310348762352690
179590995428478   1312934855427414
179590995428478   1315053841882182
179590995428478   1315348298519403
179590995428478   1316129638441269
179590995428478   1317476014973298
179590995428478   1317594564961443
179590995428478   1317605994960300
179590995428478   1317705401617026
179590995428478   1317739738280259
179590995428478   1320197394701160
179590995428478   1320296781357888
179590995428478   1320982127956020
179590995428478   1320984487955784
179590995428478   1320985541289012
179590995428478   1321199537934279
179590995428478   1321819271205639
179590995428478   1322130467841186
179590995428478   1322747244446175
179590995428478   1322748671112699
179590995428478   1322908681096698
179590995428478   1323675304353369
179590995428478   1323855984335301
179590995428478   1325306507523582
179590995428478   1326081074112792
179590995428478   1326622977391935
179590995428478   1327646067289626
179590995428478   1328460033874896
179590995428478   1329638703757029
179590995428478   1329862917067941
179590995428478   1330253973695502
179590995428478   1330447887009444
179590995428478   1330454770342089
179590995428478   1332655313455368
179590995428478   1333369970035298
179590995428478   1334562263264673
179590995428478   1335493776504855
179590995428478   1335682266486006
179590995428478   1336482113072688
179590995428478   1336747166379516
179590995428478   1337624886291744
179590995428478   1337871069600459
179590995428478   1343824125671820
179590995428478   1344286348958931
179590995428478   1345209485533284
179590995428478   1346375638750002
179590995428478   1346635508724015
179590995428478   1348476048539961
179590995428478   1348663598521206
179590995428478   1348791805175052
179590995428478   1350915154962717
179590995428478   1350963114957921
179590995428478   1351112121609687
179590995428478   1351865234867709
179590995428478   1352035534850679
179590995428478   1352214051499494
179590995428478   1352969101423989
179590995428478   1352972271423672
179590995428478   1352972578090308
179590995428478   1353272708060295
179590995428478   1353373718050194
179590995428478   1354293851291514
179590995428478   1355675667819999
179590995428478   1357019927685573
179590995428478   1357185521002347
179590995428478   1357436270977272
179590995428478   1359180714136161
179590995428478   1359423557445210
179590995428478   1360107200710179
179590995428478   1362225743831658
179590995428478   1362664490454450
179590995428478   1363514550369444
179590995428478   1363519593702273
179590995428478   1363529203701312
179590995428478   1364303700290529
179590995428478   1364648383589394
179590995428478   1364758286911737
179590995428478   1365434500177449
179590995428478   1365434626844103
179590995428478   1366239226763643
179590995428478   1366369256750640
179590995428478   1366452360075663
179590995428478   1366470106740555
179590995428478   1367153000005599
179590995428478   1369827333071499
179590995428478   1370659379654961
179590995428478   1371618242892408
179590995428478   1371892256198340
179590995428478   1372046672849565
179590995428478   1373481122706120
179590995428478   1374398909281008
179590995428478   1374523415935224
179590995428478   1374604375927128
179590995428478   1375524049168494
179590995428478   1375702645817301
179590995428478   1377376038983295
179590995428478   1378394295548136
179590995428478   1378900808830818
179590995428478   1379687062085526
179590995428478   1380707275316838
179590995428478   1381745708546328
179590995428478   1382801491774083
179590995428478   1383540435033522
179590995428478   1384436421610590
179590995428478   1384885894898976
179590995428478   1387491884638377
179590995428478   1387612071293025
179590995428478   1387739717946927
179590995428478   1388553007865598
179590995428478   1388741107846788
179590995428478   1388910521163180
179590995428478   1393352107385688
179590995428478   1394414383946127
179590995428478   1394927250561507
179590995428478   1395373083850257
179590995428478   1396118363775729
179590995428478   1398218930232339
179590995428478   1399299706790928
179590995428478   1399473293440236
179590995428478   1399599186760980
179590995428478   1401511889903043
179590995428478   1402606956460203
179590995428478   1403574593030106
179590995428478   1403810463006519
179590995428478   1405510792836486
179590995428478   1406202716100627
179590995428478   1406318289422403
179590995428478   1408040719250160
179590995428478   1408157129238519
179590995428478   1408752285845670
179590995428478   1408917612495804
179590995428478   1409146635806235
179590995428478   1409869629067269
179590995428478   1410200749034157
179590995428478   1411013432286222
179590995428478   1411636778890554
179590995428478   1411765145544384
179590995428478   1413852505335648
179590995428478   1414258515295047
179590995428478   1414470038607228
179590995428478   1416033445117554
179590995428478   1416145151773050
179590995428478   1419239131463652
179590995428478   1420315558022676
179590995428478   1420973421290223
179590995428478   1420988311288734
179590995428478   1421066547947577
179590995428478   1421902617863970
179590995428478   1422615944459304
179590995428478   1425097080877857
179590995428478   1425177260869839
179590995428478   1425198854201013
179590995428478   1426066694114229
179590995428478   1426665550721010
179590995428478   1426797137374518
179590995428478   1427378577316374
179590995428478   1427510910636474
179590995428478   1427652300622335
179590995428478   1428285320559033
179590995428478   1428413617212870
179590995428478   1429327817121450
179590995428478   1429936023727296
179590995428478   1430061003714798
179590995428478   1430139697040262
179590995428478   1430361297018102
179590995428478   1430791110308454
179590995428478   1430863476967884
179590995428478   1431518646902367
179590995428478   1431810843539814
179590995428478   1432414886812743
179590995428478   1432857026768529
179590995428478   1433509470036618
179590995428478   1434164683304430
179590995428478   1434286769958888
179590995428478   1434320989955466
179590995428478   1435080399879525
179590995428478   1437505359637029
179590995428478   1437535216300710
179590995428478   1438262729561292
179590995428478   1439248529462712
179590995428478   1439285209459044
179590995428478   1439307806123451
179590995428478   1439951682725730
179590995428478   1440687322652166
179590995428478   1440692749318290
179590995428478   1441138822607016
179590995428478   1441423859245179
179590995428478   1441439592576939
179590995428478   1441491542571744
179590995428478   1442310772489821
179590995428478   1442484972472401
179590995428478   1442626839124881
179590995428478   1442694065784825
179590995428478   1443507062370192
179590995428478   1443639452356953
179590995428478   1444379895616242
179590995428478   1445023855551846
179590995428478   1445088542212044
179590995428478   1445230458864519
179590995428478   1446668912054007
179590995428478   1446679278719637
179590995428478   1447518041969094
179590995428478   1447711128616452
179590995428478   1447768581944040
179590995428478   1449288675125364
179590995428478   1449379405116291
179590995428478   1449701678417397
179590995428478   1450275101693388
179590995428478   1450534028334162
179590995428478   1451147414939490
179590995428478   1451243194929912
179590995428478   1451323254921906
179590995428478   1451940694860162
179590995428478   1452208644833367
179590995428478   1452850234769208
179590995428478   1453870828000482
179590995428478   1455148287872736
179590995428478   1455251497862415
179590995428478   1455408367846728
179590995428478   1456240131096885
179590995428478   1456364424417789
179590995428478   1457048701016028
179590995428478   1457392517648313
179590995428478   1458156630905235
179590995428478   1940225756258361
179590995428478   274634076369728
179590995428478   689331047787801
18595834696   10154967976809697
18595834696   10154981845424697
18595834696   10154991157549697
18595834696   10155006000939697
18595834696   10155008863939697
18595834696   10155010804134697
18595834696   10155011764979697
18595834696   10155030597859697
18595834696   10155036460994697
18595834696   10155037527894697
18595834696   10155053793524697
18595834696   10155075135789697
18595834696   10155077342769697
18595834696   10155089282314697
18595834696   10155098363874697
18595834696   10155103202364697
18595834696   10155116733284697
18595834696   10155117522074697
18595834696   10155120118344697
18595834696   10155133199129697
18595834696   10155133934829697
18595834696   10155136371049697
18595834696   10155141705499697
18595834696   10155183174304697
18595834696   10155186017774697
18595834696   10155201894139697
18595834696   10155205497329697
18595834696   10155208659279697
18595834696   10155229022439697
18595834696   10155229071374697
18595834696   10155229080174697
18595834696   10155253165774697
18595834696   10155274671624697
18595834696   10155278472864697
18595834696   10155320915594697
18595834696   10155323543279697
18595834696   10155327200274697
18595834696   10155328249154697
18595834696   10155330839144697
18595834696   10155333411009697
18595834696   10155353436924697
18595834696   10155365024679697
18595834696   10155366118379697
18595834696   10155369903594697
18595834696   10155390326099697
18595834696   10155393270629697
18595834696   10155402350904697
18595834696   10155447485369697
18595834696   10155460754979697
18595834696   10155468114979697
18595834696   10155482969544697
18595834696   10155483411514697
18595834696   10155493493304697
18595834696   10155514246669697
18595834696   10155516569089697
18595834696   10155532813664697
18595834696   10155538476689697
18595834696   10155541411619697
18595834696   10155570365419697
18595834696   10155570386689697
18595834696   10155588093704697
18595834696   10155639207534697
18595834696   10155643349394697
18595834696   10155650141694697
18595834696   10155650642084697
18595834696   10155664085579697
18595834696   10155691408749697
18595834696   10155693935689697
18595834696   10155708434769697
18595834696   10155728104294697
18595834696   10155734406694697
18595834696   10155744577154697
18595834696   10155744665444697
18595834696   10155744934924697
18595834696   10155767126839697
18595834696   10155775805269697
18595834696   10155812451064697
18595834696   10155821007004697
18595834696   10155822333089697
18595834696   10155825442889697
18595834696   10155828674224697
18595834696   10155831180084697
18595834696   10155834417349697
18618646804   10153989821546805
18618646804   10153990325646805
18618646804   10153992668616805
18618646804   10153994723576805
18618646804   10153997170406805
18618646804   10153999547676805
18618646804   10154002013286805
18618646804   10154004073061805
18618646804   10154006310166805
18618646804   10154008289696805
18618646804   10154010652206805
18618646804   10154012738246805
18618646804   10154016495601805
18618646804   10154017604226805
18618646804   10154019463651805
18618646804   10154021943656805
18618646804   10154024373101805
18618646804   10154027136691805
18618646804   10154027867716805
18618646804   10154029552456805
18618646804   10154031575451805
18618646804   10154033929091805
18618646804   10154036621251805
18618646804   10154038942686805
18618646804   10154045208716805
18618646804   10154045782966805
18618646804   10154053021981805
18618646804   10154055707371805
18618646804   10154056411891805
18618646804   10154058643121805
18618646804   10154060117921805
18618646804   10154062440446805
18618646804   10154062771361805
18618646804   10154064524826805
18618646804   10154064968631805
18618646804   10154067077631805
18618646804   10154069636861805
18618646804   10154072141416805
18618646804   10154074994691805
18618646804   10154077276571805
18618646804   10154078099766805
18618646804   10154080714691805
18618646804   10154082237706805
18618646804   10154084442656805
18618646804   10154086930226805
18618646804   10154089133721805
18618646804   10154091581126805
18618646804   10154093511421805
18618646804   10154095695021805
18618646804   10154097927941805
18618646804   10154098293836805
18618646804   10154100369791805
18618646804   10154102624491805
18618646804   10154105721621805
18618646804   10154109259231805
18618646804   10154112009261805
18618646804   10154114462651805
18618646804   10154114675466805
18618646804   10154116378346805
18618646804   10154118554616805
18618646804   10154120882791805
18618646804   10154123099186805
18618646804   10154125343631805
18618646804   10154126524561805
18618646804   10154128008941805
18618646804   10154130021576805
18618646804   10154132394601805
18618646804   10154134092511805
18618646804   10154136112116805
18618646804   10154136562831805
18618646804   10154138579396805
18618646804   10154139094336805
18618646804   10154141307961805
18618646804   10154144170536805
18618646804   10154146540076805
18618646804   10154149184961805
18618646804   10154149739996805
18618646804   10154151862651805
18618646804   10154154930451805
18618646804   10154157641486805
18618646804   10154160572801805
18618646804   10154163781656805
18618646804   10154166061826805
18618646804   10154167132106805
18618646804   10154168936831805
18618646804   10154169520626805
18618646804   10154171486206805
18618646804   10154173585036805
18618646804   10154176601541805
18618646804   10154178046861805
18618646804   10154178506386805
18618646804   10154180636731805
18618646804   10154181255751805
18618646804   10154183155306805
18618646804   10154185447786805
18618646804   10154187754831805
18618646804   10154190249431805
18618646804   10154192605006805
18618646804   10154193092846805
18618646804   10154194979706805
18618646804   10154195505631805
18618646804   10154197641781805
18618646804   10154200318566805
18618646804   10154202323916805
18618646804   10154204930806805
18618646804   10154206775956805
18618646804   10154208881251805
18618646804   10154211294246805
18618646804   10154213325371805
18618646804   10154215873331805
18618646804   10154218153721805
18618646804   10154218498046805
18618646804   10154221006306805
18618646804   10154223105181805
18618646804   10154226644626805
18618646804   10154229677246805
18618646804   10154230272811805
18618646804   10154232578556805
18618646804   10154234757621805
18618646804   10154238261721805
18618646804   10154240403631805
18618646804   10154240883256805
18618646804   10154243133216805
18618646804   10154246249336805
18618646804   10154248642811805
18618646804   10154249351381805
18618646804   10154251761846805
18618646804   10154254020306805
18618646804   10154256968411805
18618646804   10154257440351805
18618646804   10154259587656805
18618646804   10154262020311805
18618646804   10154264550646805
18618646804   10154267353751805
18618646804   10154269498761805
18618646804   10154272859601805
18618646804   10154274375381805
18618646804   10154277114951805
18618646804   10154279004706805
18618646804   10154281260756805
18618646804   10154283756221805
18618646804   10154284123121805
18618646804   10154286149726805
18618646804   10154287135206805
18618646804   10154288471011805
18618646804   10154290952816805
18618646804   10154293344916805
18618646804   10154295996491805
18618646804   10154298291346805
18618646804   10154300449016805
18618646804   10154303078946805
18618646804   10154305607961805
18618646804   10154306248356805
18618646804   10154307923016805
18618646804   10154308199406805
18618646804   10154309965906805
18618646804   10154313851036805
18618646804   10154315386036805
18618646804   10154318635546805
18618646804   10154320377636805
18618646804   10154323221591805
18618646804   10154325950246805
18618646804   10154328156501805
18618646804   10154330266321805
18618646804   10154330600261805
18618646804   10154332542296805
18618646804   10154335233221805
18618646804   10154337179241805
18618646804   10154338068226805
18618646804   10154339661841805
18618646804   10154341898936805
18618646804   10154346493101805
18618646804   10154346935761805
18618646804   10154349010146805
18618646804   10154351721976805
18618646804   10154356923981805
18618646804   10154361755661805
18618646804   10154362190491805
18618646804   10154364201546805
18618646804   10154366695946805
18618646804   10154372411011805
18618646804   10154381534296805
18618646804   10154391742971805
18618646804   10154394529881805
18618646804   10154397278191805
18618646804   10154405289556805
18618646804   10154413308326805
18618646804   10154415853236805
18618646804   10154418108866805
18618646804   10154423858676805
18618646804   10154429621136805
18618646804   10154434435941805
18618646804   10154443795326805
18618646804   10154451517406805
18618646804   10154460087061805
18618646804   10154466673991805
18618646804   10154472300471805
18618646804   10154478430041805
18618646804   10154490018736805
18618646804   10154494655096805
18618646804   10154503843581805
18618646804   10154509682731805
18618646804   10154515569171805
18618646804   10154521873881805
18618646804   10154528328506805
18618646804   10154536595796805
18618646804   10154541023771805
18618646804   10154552425646805
18618646804   10154557400431805
18618646804   10154562402696805
18618646804   10154564519111805
18618646804   10154566882666805
18618646804   10154568776506805
18618646804   10154576015041805
18618646804   10154585477676805
18618646804   10154589941066805
18618646804   10154600245501805
18618646804   10154611339711805
18618646804   10154614587451805
18618646804   10154619379476805
18618646804   10154628580816805
18618646804   10154630729631805
18618646804   10154648546596805
18618646804   10154651262961805
18618646804   10154652916951805
18618646804   10154657278311805
18618646804   10154659438376805
18618646804   10154661896331805
18618646804   10154667099661805
18618646804   10154671909906805
18618646804   10154674555551805
18618646804   10154678595411805
18618646804   10154685173526805
188195410030   10155682216295031
188195410030   10155690309450031
188195410030   10155693659380031
188195410030   10155696504225031
188195410030   10155697177345031
188195410030   10155699706325031
188195410030   10155703003600031
188195410030   10155709675260031
188195410030   10155713661655031
188195410030   10155716336505031
188195410030   10155721591885031
188195410030   10155726060730031
188195410030   10155729598370031
188195410030   10155733198840031
188195410030   10155740794905031
188195410030   10155743630685031
188195410030   10155747820930031
188195410030   10155763487230031
188195410030   10155781402620031
188195410030   10155785125885031
188195410030   10155788479500031
188195410030   10155796236015031
188195410030   10155800842545031
188195410030   10155801393385031
188195410030   10155808759165031
188195410030   10155814486630031
188195410030   10155821922230031
188195410030   10155834479350031
188195410030   10155837682045031
188195410030   10155841506000031
188195410030   10155844487155031
188195410030   10155851801730031
188195410030   10155857123345031
188195410030   10155860451150031
188195410030   10155865514055031
188195410030   10155870282840031
188195410030   10155874440235031
188195410030   10155885288675031
188195410030   10155890638010031
188195410030   10155894002935031
188195410030   10155904120580031
188195410030   10155915210250031
188195410030   10155919672135031
188195410030   10155922693420031
188195410030   10155930756815031
188195410030   10155938908785031
188195410030   10155944243005031
188195410030   10155951255815031
188195410030   10155966005000031
188195410030   10155967424305031
188195410030   10155970275030031
188195410030   10155977583035031
188195410030   10155980718670031
188195410030   10155984801420031
188195410030   10155991900510031
188195410030   10156002254360031
188195410030   10156005500845031
188195410030   10156008840590031
188195410030   10156012467245031
188195410030   10156016528445031
188195410030   10156020101440031
188195410030   10156020510160031
188195410030   10156027737705031
188195410030   10156028187745031
188195410030   10156030546970031
188195410030   10156033371140031
188195410030   10156045113830031
188195410030   10156057714655031
188195410030   10156062350195031
188195410030   10156075173585031
188195410030   10156088383600031
188195410030   10156096487815031
188195410030   10156104913520031
188195410030   10156108375605031
188195410030   10156117202960031
188195410030   10156121359540031
188195410030   10156128168640031
188195410030   10156132590725031
188195410030   10156139218425031
188195410030   10156143124680031
188195410030   10156150150965031
188195410030   10156153797665031
188195410030   10156161386965031
188195410030   10156165210975031
188195410030   10156172221645031
188195410030   10156176011945031
188195410030   10156187065895031
188195410030   10156190841405031
188195410030   10156199043545031
188195410030   10156202207650031
188195410030   10156214807530031
188195410030   10156221290920031
188195410030   10156226146035031
188195410030   10156228773140031
188195410030   10156234131490031
188195410030   10156245127620031
188195410030   10156248661420031
188195410030   10156253654850031
188195410030   10156257275775031
188195410030   10156260991070031
188195410030   10156264777125031
188195410030   10156277069005031
188195410030   10156282159280031
188195410030   10156283842730031
188195410030   10156287002920031
188195410030   10156287728110031
188195410030   10156291203005031
188195410030   10156308235815031
188195410030   10156311403275031
188195410030   10156312392380031
188195410030   10156320470645031
188195410030   10156321402290031
188195410030   10156324523480031
188195410030   10156337866040031
188195410030   10156350271420031
188195410030   10156355093245031
188195410030   10156369383085031
188195410030   10156373461770031
188195410030   10156379127065031
188195410030   10156383698705031
188195410030   10156388639400031
188195410030   10156392420315031
188195410030   10156402040285031
188195410030   10156412759715031
188195410030   10156416121120031
188195410030   10156420664620031
188195410030   10156421661955031
188195410030   10156425942035031
188195410030   10156435778730031
188195410030   10156445918260031
188195410030   10156449871700031
188195410030   10156449920035031
188195410030   10156454435990031
188195410030   10156459643295031
188195410030   10156469659040031
188195410030   10156478929835031
188195410030   10156483483145031
188195410030   10156487724550031
188195410030   10156503914130031
188195410030   10156509106175031
188195410030   10156513327875031
188195410030   10156519171380031
188195410030   10156523379705031
188195410030   10156536822995031
188195410030   10156547774315031
188195410030   10156573142845031
188195410030   10156577205090031
188195410030   10156580170145031
188195410030   10156583837995031
188195410030   10156587437135031
188195410030   10156594942385031
188195410030   10156602667665031
188195410030   10156606128110031
188195410030   10156609192875031
188195410030   10156619999725031
188195410030   10156620195390031
188195410030   10156623668290031
188195410030   10156626675850031
188195410030   10156629773385031
188195410030   10156630771145031
188195410030   10156636579685031
188195410030   10156637537240031
188195410030   10156647215470031
188195410030   10156647789320031
188195410030   10156650844390031
188195410030   10156651332370031
188195410030   10156651699875031
188195410030   10156654048385031
188195410030   10156654784105031
188195410030   10156657683820031
188195410030   10156658160310031
188195410030   10156661646960031
188195410030   10156667936130031
188195410030   10156671136505031
188195410030   10156672334870031
188195410030   10156674930065031
188195410030   10156678510675031
188195410030   10156678949485031
188195410030   10156679441480031
188195410030   10156682768895031
188195410030   10156682953770031
188195410030   10156683413775031
188195410030   10156686214055031
188195410030   10156687094460031
188195410030   10156698420400031
188195410030   10156701793410031
188195410030   10156702299295031
188195410030   10156705293040031
188195410030   10156708118670031
188195410030   10156721108505031
188195410030   10156728776470031
188195410030   10156731872825031
188195410030   10156743044665031
188195410030   10156746288065031
188195410030   10156750261060031
188195410030   10156750768100031
188195410030   10156754851860031
188195410030   10156757791985031
188195410030   10156758225315031
188195410030   10156758700280031
188195410030   10156765021165031
188195410030   10156768872095031
188195410030   10156771683455031
188195410030   10156772309545031
188195410030   10156778855745031
188195410030   10156779487010031
188195410030   10156782965055031
188195410030   10156786229735031
197052454200   10154623220409201
197052454200   10154893806494201
197052454200   10154893818959201
197052454200   10154933459684201
197052454200   10154937010279201
197052454200   10154940625489201
197052454200   10154942170459201
197052454200   10154943115864201
197052454200   10154943491164201
197052454200   10154943622009201
197052454200   10154944026584201
197052454200   10154944240284201
197052454200   10154944462729201
197052454200   10154944680734201
197052454200   10154944860659201
197052454200   10154947540734201
197052454200   10154949198939201
197052454200   10154950909564201
197052454200   10154951234389201
197052454200   10154951585484201
197052454200   10154951849079201
197052454200   10154952154084201
197052454200   10154952563204201
197052454200   10154955085374201
197052454200   10154955648569201
197052454200   10154955907659201
197052454200   10154957385229201
197052454200   10154957703069201
197052454200   10154957991849201
197052454200   10154959583279201
197052454200   10154959788059201
197052454200   10154959842364201
197052454200   10154959869304201
197052454200   10154959878489201
197052454200   10154959890544201
197052454200   10154959936179201
197052454200   10154959943389201
197052454200   10154959963784201
197052454200   10154959983169201
197052454200   10154959992299201
197052454200   10154959993214201
197052454200   10154960015479201
197052454200   10154960585529201
197052454200   10154961040269201
197052454200   10154961280059201
197052454200   10154961830474201
197052454200   10154962878539201
197052454200   10154963152109201
197052454200   10154963157724201
197052454200   10154963240399201
197052454200   10154963241669201
197052454200   10154964270994201
197052454200   10154964281149201
197052454200   10154966879049201
197052454200   10154966941344201
197052454200   10154972264469201
197052454200   10154976613694201
197052454200   10154981981279201
197052454200   10154983096089201
197052454200   10154990822279201
197052454200   10154996011524201
197052454200   10155001570474201
197052454200   10155002419839201
197052454200   10155003049754201
197052454200   10155018644014201
197052454200   10155023473289201
197052454200   10155023790339201
197052454200   10155024362619201
197052454200   10155030481399201
197052454200   10155031466249201
197052454200   10155032168274201
197052454200   10155033334474201
197052454200   10155036602564201
197052454200   10155037531934201
197052454200   10155043777279201
197052454200   10155043984914201
197052454200   10155048474609201
197052454200   10155057444319201
197052454200   10155058238609201
197052454200   10155059085484201
197052454200   10155065446049201
197052454200   10155067364579201
197052454200   10155068123494201
197052454200   10155070510974201
197052454200   10155074529024201
197052454200   10155074670534201
197052454200   10155075171829201
197052454200   10155075430114201
197052454200   10155076807684201
197052454200   10155076815074201
197052454200   10155076819219201
197052454200   10155076912389201
197052454200   10155077148589201
197052454200   10155077847054201
197052454200   10155078057219201
197052454200   10155078068789201
197052454200   10155078177414201
197052454200   10155078199829201
197052454200   10155078550094201
197052454200   10155079809389201
197052454200   10155079869354201
197052454200   10155080414084201
197052454200   10155080417434201
197052454200   10155080916669201
197052454200   10155085329014201
197052454200   10155089265674201
197052454200   10155090598334201
197052454200   10155090857599201
197052454200   10155091925514201
197052454200   10155092013129201
197052454200   10155094833759201
197052454200   10155094989889201
197052454200   10155095377859201
197052454200   10155095503904201
197052454200   10155095537619201
197052454200   10155095658514201
197052454200   10155095710664201
197052454200   10155097044029201
197052454200   10155099443374201
197052454200   10155100135314201
197052454200   10155100568454201
197052454200   10155100648894201
197052454200   10155103667334201
197052454200   10155104218914201
197052454200   10155104343194201
197052454200   10155116138929201
197052454200   10155125683689201
197052454200   10155125757824201
197052454200   10155126903319201
197052454200   10155129066394201
197052454200   10155132034524201
197052454200   10155133139839201
197052454200   10155135380614201
197052454200   10155135787279201
197052454200   10155137320069201
197052454200   10155138403789201
197052454200   10155140228704201
197052454200   10155143908574201
197052454200   10155147432304201
197052454200   10155147525514201
197052454200   10155148522724201
197052454200   10155149774074201
197052454200   10155154080724201
197052454200   10155159711939201
197052454200   10155161838224201
197052454200   10155161991799201
197052454200   10155162123834201
197052454200   10155162591044201
197052454200   10155162827334201
197052454200   10155162926884201
197052454200   10155163078409201
197052454200   10155166259904201
197052454200   10155166345599201
197052454200   10155166474124201
197052454200   10155166841119201
197052454200   10155169436444201
197052454200   10155173431469201
197052454200   10155179323564201
197052454200   10155180312539201
197052454200   10155181526214201
197052454200   10155188372444201
197052454200   10155189527859201
197052454200   10155189818054201
197052454200   10155190232649201
197052454200   10155190250889201
197052454200   10155190419219201
197052454200   10155190588759201
197052454200   10155190908394201
197052454200   10155192958799201
197052454200   10155193090339201
197052454200   10155193109479201
197052454200   10155193264419201
197052454200   10155193511354201
197052454200   10155193787504201
197052454200   10155194043554201
197052454200   10155196047639201
197052454200   10155196048784201
197052454200   10155196383979201
197052454200   10155196965604201
197052454200   10155197371014201
197052454200   10155197519029201
197052454200   10155197832119201
197052454200   10155199543574201
197052454200   10155200491764201
197052454200   10155203739674201
197052454200   10155204220014201
197052454200   10155204291124201
197052454200   10155206501844201
197052454200   10155207418814201
197052454200   10155208982304201
197052454200   10155209166624201
197052454200   10155212710529201
197052454200   10155213089064201
197052454200   10155213134824201
197052454200   10155213892739201
197052454200   10155216232279201
197052454200   10155218650254201
197052454200   10155219487899201
197052454200   10155219592814201
197052454200   10155222019274201
197052454200   10155222609734201
197052454200   10155223663249201
197052454200   10155223666899201
197052454200   10155225830564201
197052454200   10155230122544201
197052454200   10155232591019201
197052454200   10155233379449201
197052454200   10155237478809201
197052454200   10155238492654201
197052454200   10155241484494201
197052454200   10155243590514201
197052454200   10155244239859201
197052454200   10155244335114201
197052454200   10155244632244201
197052454200   10155247374184201
197052454200   10155252969844201
197052454200   10155253027184201
197052454200   10155253766789201
197052454200   10155256933434201
197052454200   10155259047624201
197052454200   10155261133659201
197052454200   10155263526504201
197052454200   10155266362824201
197052454200   10155266922044201
197052454200   10155266963169201
197052454200   10155267215519201
197052454200   10155267719654201
197052454200   10155270918744201
197052454200   10155275020019201
197052454200   10155279419179201
197052454200   10155280339394201
197052454200   10155280714469201
197052454200   10155281458569201
197052454200   10155281547759201
197052454200   10155284187089201
197052454200   10155284249894201
197052454200   10155284997699201
197052454200   10155287607189201
197052454200   10155287641284201
197052454200   10155288134584201
197052454200   10155288494774201
197052454200   10155292141039201
197052454200   10155292301484201
197052454200   10155292667314201
197052454200   10155293011909201
197052454200   10155293025324201
197052454200   10155295530964201
197052454200   10155295886284201
197052454200   10155296719219201
197052454200   10155303458594201
197052454200   10155307101509201
197052454200   10155310228259201
197052454200   10155310578479201
197052454200   10155317199824201
197052454200   10155317371064201
197052454200   10155317553644201
197052454200   10155318514609201
197052454200   10155323350409201
197052454200   10155323413129201
197052454200   10155323445009201
197052454200   10155327442509201
197052454200   10155327608439201
197052454200   10155329008719201
197052454200   10155330642509201
197052454200   10155334179214201
197052454200   10155334185804201
197052454200   10155334377424201
197052454200   10155335404474201
197052454200   10155338129639201
197052454200   10155341654334201
197052454200   10155342432564201
197052454200   10155345249899201
197052454200   10155345433029201
197052454200   10155346544619201
197052454200   10155346571644201
197052454200   10155348463869201
197052454200   10155348935819201
197052454200   10155350356744201
197052454200   10155352134684201
197052454200   10155352191289201
197052454200   10155353331769201
197052454200   10155356279154201
197052454200   10155358311214201
197052454200   10155359363039201
197052454200   10155359660464201
197052454200   10155361734549201
197052454200   10155361778504201
197052454200   10155361956399201
197052454200   10155362303469201
197052454200   10155369799539201
197052454200   10155369950909201
197052454200   10155370552849201
197052454200   10155372825344201
197052454200   10155373320264201
197052454200   10155377012804201
197052454200   10155377500459201
197052454200   10155379667814201
197052454200   10155380780884201
197052454200   10155381083809201
197052454200   10155382309359201
197052454200   10155384780544201
197052454200   10155386838589201
197052454200   10155388384204201
197052454200   10155391855784201
197052454200   10155393107689201
197052454200   10155394669674201
197052454200   10155397319929201
197052454200   10155397433554201
197052454200   10155399243289201
197052454200   10155399506109201
197052454200   10155404134369201
197052454200   10155408188479201
197052454200   10155408865959201
197052454200   10155408988394201
197052454200   10155412152799201
197052454200   10155414625999201
197052454200   10155415613624201
197052454200   10155421939134201
197052454200   10155422516864201
197052454200   10155426099599201
197052454200   10155427956309201
197052454200   10155436477164201
197052454200   10155438151739201
197052454200   10155440821794201
197052454200   10155444275559201
197052454200   10155445325279201
197052454200   10155448394794201
197052454200   10155451492149201
197052454200   10155452945764201
197052454200   10155456364884201
197052454200   10155463125559201
197052454200   10155463192079201
197052454200   10155464546969201
197052454200   10155467258544201
197052454200   10155468698719201
197052454200   10155477140044201
197052454200   10155481063499201
197052454200   10155488455159201
197052454200   10155491510519201
197052454200   10155502761364201
197052454200   10155503220084201
197052454200   10155505377954201
197052454200   10155510037539201
197052454200   10155511948314201
197052454200   10155513087604201
197052454200   10155513324789201
197052454200   10155513358284201
197052454200   10155515100729201
197052454200   10155515436614201
197052454200   10155516051644201
197052454200   10155516822499201
197052454200   10155518900949201
197052454200   10155520014054201
197052454200   10155523719274201
197052454200   10155528197594201
197052454200   10155528748384201
197052454200   10155528982069201
197052454200   10155529698114201
197052454200   10155536635409201
197052454200   10155539404409201
197052454200   10155543278994201
197052454200   10155546331509201
197052454200   10155549008644201
197052454200   10155549231664201
197052454200   10155552220119201
197052454200   10155552524194201
197052454200   10155564958074201
197052454200   10155565395424201
197052454200   10155566213314201
197052454200   10155566263609201
197052454200   10155566278519201
197052454200   10155569937344201
197052454200   10155582155179201
197052454200   10155591691254201
197052454200   10155592350939201
197052454200   10155595225474201
197052454200   10155595414959201
197052454200   10155600809699201
197052454200   10155607099669201
197052454200   10155615184479201
197052454200   10155616445414201
197052454200   10155619911679201
197052454200   10155622455999201
197052454200   10155628122054201
197052454200   10155634456724201
197052454200   10155635095724201
197052454200   10155637481469201
197052454200   10155638633829201
197052454200   10155642916954201
197052454200   10155645278749201
197052454200   10155648545819201
197052454200   10155649741659201
197052454200   10155653183249201
197052454200   10155653662429201
197052454200   10155657153244201
197052454200   10155659899229201
197052454200   10155667634299201
197052454200   10155669570329201
197052454200   10155673995594201
197052454200   10155674495954201
197052454200   10155682344889201
197052454200   10155683286314201
197052454200   10155684633539201
197052454200   10155686688594201
197052454200   10155689635259201
197052454200   10155690567614201
197052454200   10155691278829201
197052454200   10155699083989201
197052454200   10155702003449201
197052454200   10155704730434201
197052454200   10155707580609201
197052454200   10155709241104201
197052454200   10155715301939201
197052454200   10155719163319201
197052454200   10155722301209201
197052454200   10155730431719201
197052454200   10155737008184201
197052454200   10155741845114201
197052454200   10155750111759201
197052454200   10155759069634201
197052454200   10155761034584201
197052454200   10155765016584201
197052454200   10155773138844201
197052454200   10155776047584201
197052454200   10155780727799201
197052454200   10155784258074201
197052454200   10155784289724201
197052454200   10155784453779201
197052454200   10155790009914201
197052454200   10155792547684201
197052454200   10155793666749201
197052454200   10155799125949201
197052454200   10155803873924201
197052454200   10155805030159201
197052454200   10155806040464201
197052454200   10155808785959201
197052454200   10155811858799201
197052454200   10155814674699201
197052454200   10155816929344201
197052454200   10155818700284201
197052454200   10155821272334201
197052454200   10155821745834201
197052454200   10155822319404201
197052454200   10155824182044201
197052454200   10155824864469201
197052454200   10155824995334201
197052454200   10155835192694201
197052454200   10155835443634201
197052454200   10155837177629201
197052454200   10155842224114201
197052454200   10155843032119201
197052454200   10155847364804201
197052454200   10155847554759201
197052454200   10155850600344201
197052454200   10155851066569201
197052454200   10155851185419201
197052454200   10155852745144201
197052454200   10155859483334201
197052454200   10155862166949201
197052454200   10155865405799201
197052454200   10155865588829201
197052454200   10155868074619201
197052454200   10155872620879201
199504650087085   10155190762835781
199504650087085   1232355660135307
199504650087085   1235396583164548
199504650087085   1235434606494079
199504650087085   1240898609281012
199504650087085   1241022902601916
199504650087085   1241100535927486
199504650087085   1242687682435438
199504650087085   1242709162433290
199504650087085   1242746962429510
199504650087085   1245498505487689
199504650087085   1245728528798020
199504650087085   1246357925401747
199504650087085   1246370328733840
199504650087085   1248073705230169
199504650087085   1248861245151415
199504650087085   1248864105151129
199504650087085   1252731291431077
199504650087085   1252915778079295
199504650087085   1255920114445528
199504650087085   1260635473973992
199504650087085   1260668890637317
199504650087085   1261929283844611
199504650087085   1262781427092730
