63445693036   10154753385113037
63445693036   10154757370903037
63445693036   10154758177093037
63445693036   10154761014588037
63445693036   10154761502453037
63445693036   10154763627538037
63445693036   10154764137573037
63445693036   10154771601048037
63445693036   10154776870213037
63445693036   10154776893998037
63445693036   10154777581318037
63445693036   10154780174898037
63445693036   10154782296993037
63445693036   10154782587183037
63445693036   10154782911693037
63445693036   10154785448958037
63445693036   10154787978193037
63445693036   10154788166548037
63445693036   10154788227198037
63445693036   10154788311988037
63445693036   10154788326198037
63445693036   10154791334418037
63445693036   10154791880158037
63445693036   10154794371138037
63445693036   10154799562353037
63445693036   10154802316623037
63445693036   10154802753103037
63445693036   10154805992113037
63445693036   10154809262693037
63445693036   10154812860268037
63445693036   10154812942143037
63445693036   10154812954963037
63445693036   10154812975283037
63445693036   10154818874008037
63445693036   10154821122548037
63445693036   10154826741288037
63445693036   10154826957958037
63445693036   10154832643883037
63445693036   10154835576813037
63445693036   10154838642693037
63445693036   10154838966658037
63445693036   10154841719158037
63445693036   10154844596228037
63445693036   10154847444298037
63445693036   10154849831658037
63445693036   10154849838223037
63445693036   10154849910928037
63445693036   10154849957533037
63445693036   10154850100793037
63445693036   10154850136443037
63445693036   10154850167008037
63445693036   10154850531068037
63445693036   10154850535998037
63445693036   10154855501973037
63445693036   10154861530628037
63445693036   10154861592723037
63445693036   10154861710263037
63445693036   10154861828263037
63445693036   10154868175193037
63445693036   10154869580103037
63445693036   10154869606393037
63445693036   10154871590858037
63445693036   10154878072148037
63445693036   10154885393083037
63445693036   10154885417908037
63445693036   10154889530728037
63445693036   10154893960263037
63445693036   10154893974278037
63445693036   10154894013068037
63445693036   10154894046673037
63445693036   10154894048668037
63445693036   10154894061613037
63445693036   10154894229503037
63445693036   10154897961763037
63445693036   10154906050593037
63445693036   10154908793578037
63445693036   10154908835053037
63445693036   10154908958668037
63445693036   10154909339353037
63445693036   10154914576613037
63445693036   10154916262393037
63445693036   10154916290938037
63445693036   10154916438893037
63445693036   10154916450573037
63445693036   10154916506093037
63445693036   10154917590513037
63445693036   10154917700233037
63445693036   10154917717258037
63445693036   10154921281203037
63445693036   10154921348348037
63445693036   10154921393948037
63445693036   10154921491668037
63445693036   10154921549513037
63445693036   10154924329063037
63445693036   10154924650053037
63445693036   10154924962378037
63445693036   10154929253708037
63445693036   10154933016753037
63445693036   10154933055268037
63445693036   10154933091878037
63445693036   10154933108503037
63445693036   10154933113678037
63445693036   10154933127138037
63445693036   10154938570223037
63445693036   10154939185093037
63445693036   10154942382603037
63445693036   10154942439773037
63445693036   10154942505998037
63445693036   10154945129468037
63445693036   10154952189668037
63445693036   10154952394548037
63445693036   10154952740943037
63445693036   10154952841283037
63445693036   10154952978593037
63445693036   10154955039868037
63445693036   10154958609108037
63445693036   10154958979468037
63445693036   10154959709968037
63445693036   10154968163478037
63445693036   10154971539938037
63445693036   10154972056863037
63445693036   10154975081113037
63445693036   10154975221828037
63445693036   10154976289423037
63445693036   10154976746958037
63445693036   10154982368023037
63445693036   10154986145678037
63445693036   10154986368133037
63445693036   10154986500013037
63445693036   10154986563893037
63445693036   10154986578778037
63445693036   10154986585293037
63445693036   10154986736008037
63445693036   10154989730808037
63445693036   10154990388443037
63445693036   10154993214703037
63445693036   10154996063113037
63445693036   10154999667498037
63445693036   10155003905608037
63445693036   10155007233763037
63445693036   10155008322923037
63445693036   10155011934498037
63445693036   10155012073253037
63445693036   10155017813468037
63445693036   10155020796698037
63445693036   10155022635428037
63445693036   10155023948413037
63445693036   10155034129938037
63445693036   10155037554493037
63445693036   10155041973333037
63445693036   10155044907028037
63445693036   10155045796648037
63445693036   10155049101703037
63445693036   10155051681658037
63445693036   10155052345178037
63445693036   10155055553383037
63445693036   10155056499163037
63445693036   10155058645063037
63445693036   10155063998168037
63445693036   10155064093398037
63445693036   10155064463973037
63445693036   10155066332298037
63445693036   10155066512018037
63445693036   10155069033023037
63445693036   10155069303018037
63445693036   10155070038098037
63445693036   10155071851673037
63445693036   10155072832028037
63445693036   10155075294808037
63445693036   10155077597808037
63445693036   10155078025793037
63445693036   10155084263773037
63445693036   10155084917633037
63445693036   10155085136348037
63445693036   10155088201828037
63445693036   10155092224113037
63445693036   10155093835048037
63445693036   10155096775893037
63445693036   10155098973068037
63445693036   10155101072178037
63445693036   10155101341743037
63445693036   10155104295948037
63445693036   10155105506553037
63445693036   10155107041213037
63445693036   10155107058768037
63445693036   10155107080558037
63445693036   10155107116793037
63445693036   10155107200578037
63445693036   10155112835818037
63445693036   10155113075503037
63445693036   10155116080863037
63445693036   10155119350733037
63445693036   10155120296703037
63445693036   10155123609573037
63445693036   10155124466873037
63445693036   10155127369003037
63445693036   10155128600758037
63445693036   10155128853663037
63445693036   10155131349093037
63445693036   10155134404328037
63445693036   10155134677158037
63445693036   10155134947363037
63445693036   10155136929878037
63445693036   10155137133878037
63445693036   10155137421353037
63445693036   10155137504753037
63445693036   10155142600688037
63445693036   10155143229218037
63445693036   10155143596483037
63445693036   10155145642813037
63445693036   10155145991428037
63445693036   10155149139193037
63445693036   10155149567633037
63445693036   10155149933953037
63445693036   10155150253968037
63445693036   10155152476438037
63445693036   10155152647828037
63445693036   10155153300478037
63445693036   10155155965113037
63445693036   10155156437563037
63445693036   10155158720763037
63445693036   10155159134063037
63445693036   10155160054383037
63445693036   10155162180328037
63445693036   10155162399078037
63445693036   10155165236043037
63445693036   10155168928083037
63445693036   10155169358623037
63445693036   10155173342143037
63445693036   10155174629408037
63445693036   10155176479513037
63445693036   10155177193048037
63445693036   10155177463673037
63445693036   10155179538143037
63445693036   10155180030848037
63445693036   10155180397683037
63445693036   10155182294993037
63445693036   10155182668983037
63445693036   10155185279463037
63445693036   10155186717698037
63445693036   10155188050183037
63445693036   10155189006968037
63445693036   10155191480278037
63445693036   10155191895723037
63445693036   10155194666853037
63445693036   10155195234878037
63445693036   10155195992683037
63445693036   10155197916083037
63445693036   10155197986158037
63445693036   10155198056943037
63445693036   10155198303733037
63445693036   10155201055128037
63445693036   10155201380138037
63445693036   10155202466408037
63445693036   10155205810153037
63445693036   10155209294258037
63445693036   10155212128008037
63445693036   10155212569098037
63445693036   10155214752303037
63445693036   10155215428398037
63445693036   10155215944953037
63445693036   10155218544848037
63445693036   10155219048408037
63445693036   10155222433688037
63445693036   10155224740548037
63445693036   10155225127993037
63445693036   10155225456388037
63445693036   10155228216533037
63445693036   10155228788933037
63445693036   10155231024578037
63445693036   10155231347318037
63445693036   10155231528863037
63445693036   10155232373058037
63445693036   10155235118148037
63445693036   10155235404078037
63445693036   10155235956418037
63445693036   10155238395178037
63445693036   10155238695693037
63445693036   10155239009528037
63445693036   10155239463803037
63445693036   10155241110293037
63445693036   10155241590638037
63445693036   10155241627703037
63445693036   10155242787333037
63445693036   10155243352993037
63445693036   10155244000793037
63445693036   10155245246893037
63445693036   10155245671133037
63445693036   10155245787503037
63445693036   10155246082348037
63445693036   10155246400583037
63445693036   10155248106223037
63445693036   10155248347688037
63445693036   10155251003363037
63445693036   10155251715413037
63445693036   10155254090893037
63445693036   10155254169548037
63445693036   10155254176838037
63445693036   10155254185048037
63445693036   10155254190518037
63445693036   10155254198288037
63445693036   10155260090173037
63445693036   10155262704668037
64067037679   10153982627957680
64067037679   10153982634597680
64067037679   10153982638642680
64067037679   10154015379192680
64067037679   10154018218952680
64067037679   10154020083262680
64067037679   10154022825642680
64067037679   10154023153067680
64067037679   10154029577467680
64067037679   10154029597947680
64067037679   10154030872142680
64067037679   10154030874072680
64067037679   10154031441087680
64067037679   10154033841807680
64067037679   10154034299107680
64067037679   10154034307332680
64067037679   10154036366012680
64067037679   10154036386072680
64067037679   10154036417247680
64067037679   10154039967112680
64067037679   10154039973582680
64067037679   10154039981712680
64067037679   10154052318237680
64067037679   10154052673217680
64067037679   10154052784887680
64067037679   10154052838152680
64067037679   10154055020412680
64067037679   10154060813172680
64067037679   10154073532717680
64067037679   10154076385502680
64067037679   10154076681842680
64067037679   10154083427142680
64067037679   10154084926467680
64067037679   10154089339947680
64067037679   10154089504537680
64067037679   10154094334157680
64067037679   10154094851292680
64067037679   10154095334627680
64067037679   10154095586212680
64067037679   10154096631522680
64067037679   10154096632867680
64067037679   10154096636457680
64067037679   10154096638762680
64067037679   10154097452137680
64067037679   10154097995472680
64067037679   10154100135387680
64067037679   10154100560202680
64067037679   10154100847667680
64067037679   10154102413152680
64067037679   10154106773052680
64067037679   10154107076962680
64067037679   10154109620862680
64067037679   10154110339952680
64067037679   10154112579742680
64067037679   10154113066842680
64067037679   10154117665312680
64067037679   10154118221002680
64067037679   10154119951062680
64067037679   10154124413147680
64067037679   10154124776312680
64067037679   10154124880397680
64067037679   10154126867572680
64067037679   10154126870607680
64067037679   10154127922157680
64067037679   10154127922702680
64067037679   10154145193752680
64067037679   10154147247287680
64067037679   10154147258597680
64067037679   10154147438552680
64067037679   10154149737287680
64067037679   10154151364462680
64067037679   10154151365267680
64067037679   10154151365837680
64067037679   10154153660522680
64067037679   10154153706452680
64067037679   10154156625347680
64067037679   10154158917107680
64067037679   10154161226662680
64067037679   10154163604437680
64067037679   10154163613507680
64067037679   10154164135607680
64067037679   10154165138202680
64067037679   10154168430352680
64067037679   10154176119142680
64067037679   10154178342567680
64067037679   10154178411837680
64067037679   10154178483672680
64067037679   10154178494662680
64067037679   10154181122937680
64067037679   10154181129437680
64067037679   10154181132217680
64067037679   10154181794652680
64067037679   10154181880072680
64067037679   10154181989552680
64067037679   10154187526482680
64067037679   10154192211722680
64067037679   10154194884167680
64067037679   10154201562997680
64067037679   10154210015532680
64067037679   10154210016182680
64067037679   10154215139827680
64067037679   10154219276512680
64067037679   10154219277472680
64067037679   10154222152667680
64067037679   10154225235142680
64067037679   10154232538537680
64067037679   10154232541952680
64067037679   10154232543577680
64067037679   10154232546627680
64067037679   10154234126717680
64067037679   10154237058422680
64067037679   10154239296422680
64067037679   10154239475217680
64067037679   10154241964857680
64067037679   10154244213142680
64067037679   10154246125527680
64067037679   10154246127552680
64067037679   10154250824602680
64067037679   10154255710607680
64067037679   10154256288212680
64067037679   10154258376572680
64067037679   10154258877617680
64067037679   10154261305222680
64067037679   10154261708607680
64067037679   10154261884962680
64067037679   10154271100657680
64067037679   10154279855522680
64067037679   10154283673132680
64067037679   10154292535322680
64067037679   10154298304492680
64067037679   10154298304742680
64067037679   10154307098457680
64067037679   10154307098812680
64067037679   10154307104892680
64067037679   10154307109082680
64067037679   10154308655462680
64067037679   10154309519442680
64067037679   10154319063412680
64067037679   10154319118592680
64067037679   10154319308307680
64067037679   10154324247092680
64067037679   10154324277057680
64067037679   10154324288377680
64067037679   10154324373277680
64067037679   10154324379752680
64067037679   10154324431507680
64067037679   10154330668332680
64067037679   10154330669337680
64067037679   10154330673137680
64067037679   10154330675422680
64067037679   10154337538217680
64067037679   10154345550972680
64067037679   10154345551232680
64067037679   10154349861677680
64067037679   10154352438107680
64067037679   10154361994822680
64067037679   10154362276247680
64067037679   10154362713012680
64067037679   10154372742357680
64067037679   10154372765067680
64067037679   10154372781132680
64067037679   10154376090952680
64067037679   10154376173162680
64067037679   10154376333022680
64067037679   10154386199942680
64067037679   10154394813562680
64067037679   10154396533492680
64067037679   10154399517337680
64067037679   10154402244137680
64067037679   10154412244372680
64067037679   10154415018577680
64067037679   10154417537247680
64067037679   10154417538042680
64067037679   10154423501817680
64067037679   10154434931047680
64067037679   10154437398627680
64067037679   10154441417242680
64067037679   10154441417817680
64067037679   10154441418387680
64067037679   10154444159902680
64067037679   10154446903432680
64067037679   10154449452357680
64067037679   10154452195282680
64067037679   10154463620822680
64067037679   10154471254737680
64067037679   10154471290962680
64067037679   10154471634582680
64067037679   10154474004327680
64067037679   10154474753742680
64067037679   10154476996027680
64067037679   10154480314767680
64067037679   10154490926282680
64067037679   10154490955937680
64067037679   10154490985112680
64067037679   10154491075327680
64067037679   10154491289477680
64067037679   10154495926067680
64067037679   10154499086107680
64067037679   10154501239622680
64067037679   10154519208607680
64067037679   10154520139517680
64067037679   10154525986157680
64067037679   10154534527777680
64067037679   10154540198712680
64067037679   10154542917827680
64067037679   10154552829272680
64067037679   10154555614572680
64067037679   10154555676262680
64067037679   10154558184587680
64067037679   10154559572927680
64067037679   10154561188167680
64067037679   10154561748862680
64067037679   10154564721292680
64067037679   10154564723687680
64067037679   10154564938927680
64067037679   10154565307342680
64067037679   10154575174402680
64067037679   10154575525102680
64067037679   10154578601277680
64067037679   10154581774102680
64067037679   10154584798502680
64067037679   10154587485552680
64067037679   10154590165787680
64067037679   10154592538442680
64067037679   10154597212912680
64067037679   10154597632937680
64067037679   10154599391652680
64067037679   10154599649392680
64067037679   10154599798162680
64067037679   10154601372797680
64067037679   10154604179917680
64067037679   10154604430492680
64067037679   10154614567752680
64067037679   10154616464102680
64067037679   10154616937232680
64067037679   10154619141517680
64067037679   10154619839027680
64067037679   10154624162062680
64067037679   10154631115262680
64067037679   10154633589647680
64067037679   10154636067287680
64067037679   10154636446322680
64067037679   10154638359037680
64067037679   10154638708507680
64067037679   10154645913852680
64067037679   10154651938882680
64067037679   10154652595212680
64067037679   10154657312327680
64067037679   10154659779127680
64067037679   10154662258377680
64067037679   10154665000587680
64067037679   10154667760272680
64067037679   10154670136222680
64067037679   10154684939472680
64067037679   10154685242027680
64067037679   10154701068667680
64067037679   10154701325772680
64067037679   10154701490837680
64067037679   10154703584277680
64067037679   10154703586172680
64067037679   10154703871472680
64067037679   10154706460402680
64067037679   10154708859732680
64067037679   10154711099092680
64067037679   10154713193982680
64067037679   10154713370077680
64067037679   10154715697897680
64067037679   10154715920082680
64067037679   10154718220847680
64067037679   10154720839482680
64067037679   10154721246572680
64067037679   10154725636692680
64067037679   10154729899732680
64067037679   10154729934342680
64067037679   10154730256077680
64067037679   10154734512092680
64067037679   10154734873232680
64067037679   10154736702982680
64067037679   10154738161187680
64067037679   10154740946172680
6806028948   10154409099438949
6806028948   10155034269728949
6806028948   10155037785928949
6806028948   10155041102533949
6806028948   10155045077883949
6806028948   10155047715898949
6806028948   10155050499538949
6806028948   10155050714253949
6806028948   10155051550688949
6806028948   10155056095918949
6806028948   10155059210783949
6806028948   10155061467148949
6806028948   10155061759503949
6806028948   10155062007313949
6806028948   10155062282253949
6806028948   10155064904698949
6806028948   10155068802043949
6806028948   10155069239688949
6806028948   10155070116148949
6806028948   10155072321518949
6806028948   10155072680138949
6806028948   10155087482488949
6806028948   10155088081608949
6806028948   10155090695798949
6806028948   10155093618398949
6806028948   10155104600643949
6806028948   10155105302473949
6806028948   10155105341263949
6806028948   10155110893083949
6806028948   10155111082078949
6806028948   10155112170373949
6806028948   10155115017743949
6806028948   10155115668468949
6806028948   10155118555393949
6806028948   10155119260103949
6806028948   10155121404768949
6806028948   10155122099553949
6806028948   10155124952013949
6806028948   10155127709428949
6806028948   10155130514758949
6806028948   10155134222333949
6806028948   10155137659743949
6806028948   10155137914383949
6806028948   10155138407648949
6806028948   10155139992908949
6806028948   10155143371278949
6806028948   10155143767608949
6806028948   10155146716063949
6806028948   10155149837793949
6806028948   10155153546288949
6806028948   10155154145138949
6806028948   10155156689788949
6806028948   10155156870338949
6806028948   10155160836213949
6806028948   10155163415553949
6806028948   10155164161058949
6806028948   10155164848388949
6806028948   10155166840203949
6806028948   10155167266768949
6806028948   10155172844213949
6806028948   10155175530233949
6806028948   10155176023248949
6806028948   10155176493168949
6806028948   10155178631813949
6806028948   10155178976993949
6806028948   10155179428573949
6806028948   10155179825023949
6806028948   10155181320573949
6806028948   10155181988738949
6806028948   10155185483098949
6806028948   10155186211928949
6806028948   10155190026388949
6806028948   10155191041423949
6806028948   10155200065073949
6806028948   10155200944678949
6806028948   10155202662603949
6806028948   10155205504838949
6806028948   10155206364553949
6806028948   10155208606638949
6806028948   10155209184058949
6806028948   10155209562838949
6806028948   10155209907268949
6806028948   10155211299048949
6806028948   10155212277168949
6806028948   10155214917793949
6806028948   10155220729938949
6806028948   10155223044238949
6806028948   10155226468948949
6806028948   10155229113813949
6806028948   10155230064823949
6806028948   10155232769088949
6806028948   10155233034268949
6806028948   10155239287108949
6806028948   10155245434113949
6806028948   10155245684033949
6806028948   10155246376408949
6806028948   10155248670383949
6806028948   10155254076523949
6806028948   10155258479163949
6806028948   10155262874608949
6806028948   10155263642993949
6806028948   10155264070583949
6806028948   10155264787263949
6806028948   10155269060708949
6806028948   10155271108383949
6806028948   10155271794063949
6806028948   10155274200478949
6806028948   10155276753633949
6806028948   10155280135693949
6806028948   10155280829088949
6806028948   10155283477113949
6806028948   10155283858998949
6806028948   10155284013548949
6806028948   10155284371098949
6806028948   10155285357118949
6806028948   10155287319913949
6806028948   10155290445158949
6806028948   10155293853688949
6806028948   10155296075263949
6806028948   10155297178233949
6806028948   10155300771873949
6806028948   10155301248743949
6806028948   10155304270423949
6806028948   10155306999838949
6806028948   10155313217943949
6806028948   10155314464968949
6806028948   10155316963468949
6806028948   10155317291533949
6806028948   10155320171383949
6806028948   10155323309368949
6806028948   10155326005618949
6806028948   10155328297928949
6806028948   10155328634318949
6806028948   10155330116883949
6806028948   10155337556328949
6806028948   10155338519743949
6806028948   10155340819983949
6806028948   10155341603618949
6806028948   10155344273313949
6806028948   10155344953693949
6806028948   10155345078178949
6806028948   10155348739873949
6806028948   10155349557343949
6806028948   10155350098943949
6806028948   10155355027478949
6806028948   10155366179438949
6806028948   10155369782528949
6806028948   10155370349883949
6806028948   10155374743748949
6806028948   10155377591313949
6806028948   10155385082593949
6806028948   10155396166838949
6806028948   10155396836523949
6806028948   10155403489413949
6806028948   10155403774778949
6806028948   10155406197128949
6806028948   10155406847953949
6806028948   10155409447823949
6806028948   10155415920263949
6806028948   10155419969633949
6806028948   10155422328513949
6806028948   10155424904373949
6806028948   10155425683598949
6806028948   10155428558773949
6806028948   10155428924913949
6806028948   10155438190303949
6806028948   10155440566218949
6806028948   10155444552143949
6806028948   10155447274398949
6806028948   10155448058403949
6806028948   10155452390783949
6806028948   10155455071458949
6806028948   10155462098398949
6806028948   10155462374808949
6806028948   10155465474873949
6806028948   10155465918818949
6806028948   10155468929863949
6806028948   10155475460423949
6806028948   10155475913663949
6806028948   10155476869573949
6806028948   10155482147998949
6806028948   10155486570758949
6806028948   10155490805508949
6806028948   10155494491943949
6806028948   10155496960178949
6806028948   10155497586458949
6806028948   10155503284693949
6806028948   10155507596648949
6806028948   10155516518618949
6806028948   10155520483823949
6806028948   10155523613883949
6806028948   10155524067313949
6806028948   10155536789218949
6806028948   10155541245083949
6806028948   10155543597753949
6806028948   10155555342968949
6806028948   10155557409768949
6806028948   10155560859808949
6806028948   10155564820243949
6806028948   10155565847663949
6806028948   10155568842263949
6806028948   10155572053653949
6806028948   10155572829623949
6806028948   10155582181683949
6806028948   10155582562003949
6806028948   10155585493838949
6806028948   10155586647298949
6806028948   10155590010728949
6806028948   10155593211538949
6806028948   10155596643258949
6806028948   10155597250538949
6806028948   10155601201493949
6806028948   10155604708628949
6806028948   10155607624493949
6806028948   10155612174528949
6806028948   10155612467593949
6806028948   10155615884538949
6806028948   10155616956888949
6806028948   10155619223818949
6806028948   10155622666603949
6806028948   10155633723628949
6806028948   10155634305713949
6806028948   10155641971713949
6806028948   10155646039618949
6806028948   10155646676018949
6806028948   10155650081633949
6806028948   10155663666313949
6806028948   10155667552453949
6806028948   10155672268048949
6806028948   10155676193873949
6806028948   10155677186283949
6806028948   10155680291983949
6806028948   10155683802018949
6806028948   10155691444588949
6806028948   10155695249133949
6806028948   10155696759283949
6806028948   10155699682658949
6806028948   10155704298688949
6806028948   10155704321768949
6806028948   10155722986568949
6806028948   10155723850113949
6806028948   10155735400163949
6806028948   10155752363988949
6806028948   10155755417353949
6806028948   10155756178868949
6806028948   10155759502828949
6806028948   10155760723903949
6806028948   10155763438248949
6806028948   10155764016638949
6806028948   10155765957513949
6806028948   10155769871908949
6806028948   10155772919778949
6806028948   10155776484273949
6806028948   10155778554638949
6806028948   10155779516283949
6806028948   10155792010453949
6806028948   10155794864728949
6806028948   10155797294003949
6806028948   10155798410363949
6806028948   10155801238098949
6806028948   10155803716558949
6806028948   10155804959118949
6806028948   10155807455753949
6806028948   10155816660078949
6806028948   10155817180068949
6806028948   10155822512163949
6806028948   10155823706198949
6806028948   10155825976438949
6806028948   10155826116473949
6806028948   10155828742943949
6806028948   10155829282328949
6806028948   10155831811778949
6806028948   10155837436368949
6806028948   10155837558563949
6806028948   10155837786703949
6806028948   10155838132123949
6806028948   10155839013423949
6806028948   10155841762658949
6806028948   10155844295358949
6806028948   10155844828133949
6806028948   10155847117923949
6806028948   10155847904583949
6806028948   10155856154203949
6806028948   10155860188328949
6806028948   10155862997288949
6806028948   10155865855093949
6806028948   10155869942033949
6806028948   10155875041413949
6806028948   10155880940028949
6806028948   10155884349098949
6806028948   10155888182448949
6806028948   10155901670743949
6806028948   10155905145868949
6806028948   10155910865193949
6806028948   10155913784143949
6806028948   10155922054878949
6806028948   10155935505403949
6806028948   10155938718208949
6806028948   10155940083973949
6806028948   10155943588493949
6806028948   10155944326798949
6806028948   10155947409833949
6806028948   10155949478908949
6806028948   10155954615743949
6806028948   10155955390288949
6806028948   10155956407093949
6806028948   10155957356788949
6806028948   140695449874170
6979393237   10156059715933238
6979393237   10156061962713238
6979393237   10156065686078238
6979393237   10156079766663238
6979393237   10156083429913238
6979393237   10156087078558238
6979393237   10156087178278238
6979393237   10156087291758238
6979393237   10156087440763238
6979393237   10156087871808238
6979393237   10156088336583238
6979393237   10156089404903238
6979393237   10156092178993238
6979393237   10156104507343238
6979393237   10156123791133238
6979393237   10156127434903238
6979393237   10156127559928238
6979393237   10156130840363238
6979393237   10156130967228238
6979393237   10156134296588238
6979393237   10156138191218238
6979393237   10156141835403238
6979393237   10156153172233238
6979393237   10156153512628238
6979393237   10156156166098238
6979393237   10156156304578238
6979393237   10156157322313238
6979393237   10156160132803238
6979393237   10156228217188238
6979393237   10156256377448238
6979393237   10156279008248238
6979393237   10156279702528238
6979393237   10156283115483238
6979393237   10156299978543238
6979393237   10156304065323238
6979393237   10156312546563238
6979393237   10156327765858238
6979393237   10156334804243238
6979393237   10156345302063238
6979393237   10156355837843238
6979393237   10156376075783238
6979393237   10156382824098238
6979393237   10156394147163238
6979393237   10156399065678238
6979393237   10156426298903238
6979393237   10156433743778238
6979393237   10156441044798238
6979393237   10156498479558238
6979393237   10156527544263238
6979393237   10156528583673238
6979393237   227721791069184
7003656077   10154058682481078
7003656077   10154068829266078
7003656077   10154080023771078
7003656077   10154080304591078
7003656077   10154082604301078
7003656077   10154084812231078
7003656077   10154091587711078
7003656077   10154101566401078
7003656077   10154106454466078
7003656077   10154109042471078
7003656077   10154118337031078
7003656077   10154128700786078
7003656077   10154137524046078
7003656077   10154142660936078
7003656077   10154145722276078
7003656077   10154147978561078
7003656077   10154158286756078
7003656077   10154161333726078
7003656077   10154163914931078
7003656077   10154165789116078
7003656077   10154172951016078
7003656077   10154173538931078
7003656077   10154177321736078
7003656077   10154180912221078
7003656077   10154184411786078
7003656077   10154194169111078
7003656077   10154196379786078
7003656077   10154200356641078
7003656077   10154203463246078
7003656077   10154211276641078
7003656077   10154213436501078
7003656077   10154214000761078
7003656077   10154216886531078
7003656077   10154230580456078
7003656077   10154230949156078
7003656077   10154233540976078
7003656077   10154235831451078
7003656077   10154236184786078
7003656077   10154243952831078
7003656077   10154246593021078
7003656077   10154248845131078
7003656077   10154251114466078
7003656077   10154251383851078
7003656077   10154253866456078
7003656077   10154263175216078
7003656077   10154263182451078
7003656077   10154263610796078
7003656077   10154268464711078
7003656077   10154269465711078
7003656077   10154278695011078
7003656077   10154283139951078
7003656077   10154298358661078
7003656077   10154300574576078
7003656077   10154300934036078
7003656077   10154304557596078
7003656077   10154308120971078
7003656077   10154316227451078
7003656077   10154316349391078
7003656077   10154325897506078
7003656077   10154340141986078
7003656077   10154345830156078
7003656077   10154366606471078
7003656077   10154377065261078
7003656077   10154381718661078
7003656077   10154382695761078
7003656077   10154384688711078
7003656077   10154385589451078
7003656077   10154395073461078
7003656077   10154399827986078
7003656077   10154402879661078
7003656077   10154403001201078
7003656077   10154403047926078
7003656077   10154405501126078
7003656077   10154407687631078
7003656077   10154409541316078
7003656077   10154410392296078
7003656077   10154413733756078
7003656077   10154416703071078
7003656077   10154417145506078
7003656077   10154417329331078
7003656077   10154417415801078
7003656077   10154422139101078
7003656077   10154433890911078
7003656077   10154434371976078
7003656077   10154434505121078
7003656077   10154434813731078
7003656077   10154439382111078
7003656077   10154439435666078
7003656077   10154440002921078
7003656077   10154442574141078
7003656077   10154442801016078
7003656077   10154457543256078
7003656077   10154457572831078
7003656077   10154457580296078
7003656077   10154459177401078
7003656077   10154462263191078
7003656077   10154475385651078
7003656077   10154481358556078
7003656077   10154483201406078
7003656077   10154487255571078
7003656077   10154495115571078
7003656077   10154495135196078
7003656077   10154498612341078
7003656077   10154501929576078
7003656077   10154505299091078
7003656077   10154513924146078
7003656077   10154516110051078
7003656077   10154516122181078
7003656077   10154516916356078
7003656077   10154522878011078
7003656077   10154534706776078
7003656077   10154537368756078
7003656077   10154537382951078
7003656077   10154545978311078
7003656077   10154561867766078
7003656077   10154565420831078
7003656077   10154565759606078
7003656077   10154565788826078
7003656077   10154571804166078
7003656077   10154584420896078
7003656077   10154584437636078
7003656077   10154591117341078
7003656077   10154594385231078
7003656077   10154607401031078
7003656077   10154607993506078
7003656077   10154608119396078
7003656077   10154611438926078
7003656077   10154616737791078
7003656077   10154617266691078
7003656077   10154627201581078
7003656077   10154630588136078
7003656077   10154630649426078
7003656077   10154634030441078
7003656077   10154639344681078
7003656077   10154639704306078
7003656077   10154648900216078
7003656077   10154648984286078
7003656077   10154649351966078
7003656077   10154651836046078
7003656077   10154655811941078
7003656077   10154656533381078
7003656077   10154664304366078
7003656077   10154666271156078
7003656077   10154666451516078
7003656077   10154666882131078
7003656077   10154669468566078
7003656077   10154673515696078
7003656077   10154674158956078
7003656077   10154683530821078
7003656077   10154683782346078
7003656077   10154685676866078
7003656077   10154688034006078
7003656077   10154698577271078
7003656077   10154701119161078
7003656077   10154701139126078
7003656077   10154721374971078
7003656077   10154725972606078
7003656077   10154749190096078
7003656077   10154751721746078
7003656077   10154756645081078
7003656077   10154756812666078
7003656077   10154759279806078
7003656077   10154766528676078
7003656077   10154783667201078
7003656077   10154786244456078
7003656077   10154786532311078
7003656077   10154790775036078
7003656077   10154791189681078
7003656077   10154792793136078
7003656077   10154793470446078
702317053131576   1514403841922889
702317053131576   1514704035226203
702317053131576   1517113588318581
702317053131576   1519883001374973
702317053131576   1520767604619846
702317053131576   1520991134597493
702317053131576   1521756507854289
702317053131576   1521924867837453
702317053131576   1522788547751085
702317053131576   1526783684018238
702317053131576   1527007720662501
702317053131576   1527688567261083
702317053131576   1529975567032383
702317053131576   1535824806447459
702317053131576   1537312016298738
702317053131576   1538747322821874
702317053131576   1539563886073551
702317053131576   1539844709378802
702317053131576   1542881549075118
702317053131576   1544123018950971
702317053131576   1545236042173002
702317053131576   1546464812050125
702317053131576   1548009845228955
702317053131576   1551111621585444
702317053131576   1552215068141766
702317053131576   1552492864780653
702317053131576   1553368151359791
702317053131576   1553612808001992
702317053131576   1554351114594828
702317053131576   1554698547893418
702317053131576   1555277724502167
702317053131576   1555376651158941
702317053131576   1555500307813242
702317053131576   1558407680855838
702317053131576   1559323537430919
702317053131576   1560468177316455
702317053131576   1561860863843853
702317053131576   1562289413800998
702317053131576   1563261563703783
702317053131576   1566601206703152
702317053131576   1567918546571418
702317053131576   1568021846561088
702317053131576   1568701896493083
702317053131576   1569724663057473
702317053131576   1569770916386181
702317053131576   1570101966353076
702317053131576   1571020396261233
702317053131576   1571075929589013
702317053131576   1573865075976765
702317053131576   1574259815937291
702317053131576   1575081389188467
702317053131576   1575196199176986
702317053131576   1576304462399493
702317053131576   1578125085550764
702317053131576   1580595378637068
702317053131576   1582477205115552
702317053131576   1583625535000719
702317053131576   1585048884858384
702317053131576   1586136021416337
702317053131576   1586512241378715
702317053131576   1589852734377999
702317053131576   1590252337671372
702317053131576   1591092420920697
702317053131576   1591331434230129
702317053131576   1592032940826645
702317053131576   1593128680717071
702317053131576   1593600344003238
702317053131576   1594250090604930
702317053131576   1594378250592114
702317053131576   1597991243564148
702317053131576   1598061386890467
702317053131576   1599189480110991
702317053131576   1599604043402868
702317053131576   1600323549997584
702317053131576   1600763556620250
702317053131576   1601590653204207
702317053131576   1602752873087985
702317053131576   1603098279720111
702317053131576   1606359182727354
702317053131576   1607437812619491
702317053131576   1607779982585274
702317053131576   1608689882494284
702317053131576   1609636352399637
702317053131576   1610837885612817
702317053131576   1614766008553338
702317053131576   1615964645100141
702317053131576   1616177255078880
702317053131576   1616479988381940
702317053131576   1617376874958918
702317053131576   1618853261477946
702317053131576   1620378024658803
702317053131576   1624765634220042
702317053131576   1625311807498758
702317053131576   1626211844075421
702317053131576   1626769747352964
702317053131576   1627560263940579
702317053131576   1629156157114323
702317053131576   1630518613644744
702317053131576   1634926583203947
702317053131576   1636037049759567
702317053131576   1636050143091591
702317053131576   1637718009591471
702317053131576   1637829586246980
702317053131576   1637849599578312
702317053131576   1638986052798000
702317053131576   1639059666123972
702317053131576   1640324632664142
702317053131576   1640543175975621
702317053131576   1644853932211212
702317053131576   1646396082056997
702317053131576   1647503505279588
702317053131576   1648554178507854
702317053131576   1649652131731392
702317053131576   1652919361404669
702317053131576   1653311834698755
702317053131576   1655226837840588
702317053131576   1656591777704094
702317053131576   1657404030956202
702317053131576   1657499567613315
702317053131576   1660600683969870
702317053131576   1661759780520627
702317053131576   1662836493746289
702317053131576   1663862490310356
702317053131576   1665185990178006
702317053131576   1667019053328033
702317053131576   1668040869892518
702317053131576   1669198353110103
702317053131576   1670331449663460
702317053131576   1671449766218295
702317053131576   1671609642868974
702317053131576   1672470082782930
702317053131576   1675621082467830
702317053131576   1676593289037276
702317053131576   1677666468929958
702317053131576   1678874228809182
702317053131576   1679538998742705
702317053131576   1679705725392699
702317053131576   1682667471763191
702317053131576   1683675321662406
702317053131576   1684930888203516
702317053131576   1685794734783798
702317053131576   1687007314662540
702317053131576   1691085217588083
702317053131576   1692394050790533
702317053131576   1693772020652736
702317053131576   1693997847296820
702317053131576   1695041720525766
702317053131576   1696230773740194
702317053131576   1700409126655692
702317053131576   1701556493207622
702317053131576   1703208179709120
702317053131576   1704390266257578
702317053131576   1705584986138106
702317053131576   1705907626105842
702317053131576   1707739489255989
702317053131576   1708833902479881
702317053131576   1708961799133758
702317053131576   1709114262451845
702317053131576   1709124612450810
702317053131576   1709997602363511
702317053131576   1710259212337350
702317053131576   1711142925582312
702317053131576   1712094885487116
702317053131576   1713204375376167
702317053131576   1713401215356483
702317053131576   1718240461539225
702317053131576   1719449731418298
702317053131576   1719866344709970
702317053131576   1721143464582258
702317053131576   1722464901116781
702317053131576   1726168664079738
702317053131576   1727272730635998
702317053131576   1728620980501173
702317053131576   1729806563715948
702317053131576   1730815736948364
702317053131576   1734908713205733
702317053131576   1735180299845241
702317053131576   1737314482965156
702317053131576   1738339039529367
702317053131576   1739761172720487
702317053131576   1743726718990599
702317053131576   1744909542205650
702317053131576   1746208088742462
702317053131576   1747237265306211
702317053131576   1748378348525436
702317053131576   1752120028151268
702317053131576   1752520814777856
702317053131576   1753367968026474
702317053131576   1754476741248930
702317053131576   1755625317800739
702317053131576   1755996464430291
702317053131576   1756800881016516
702317053131576   1759839750712629
702317053131576   1761154547247816
702317053131576   1761856227177648
702317053131576   1762207110475893
702317053131576   1762730760423528
702317053131576   1762912717071999
702317053131576   1763058337057437
702317053131576   1764139286949342
702317053131576   1767348073295130
702317053131576   1767737903256147
702317053131576   1769449536418317
702317053131576   1770451629651441
702317053131576   1770777032952234
702317053131576   1771304492899488
702317053131576   1771449799551624
702317053131576   1774744635888807
702317053131576   1775919125771358
702317053131576   1776974488999155
702317053131576   1777990908897513
702317053131576   1778331868863417
702317053131576   1779165598780044
702317053131576   1782580001771937
702317053131576   1783236771706260
702317053131576   1784210311608906
702317053131576   1784623294900941
702317053131576   1785347664828504
702317053131576   1785566361473301
702317053131576   1785596698136934
702317053131576   1786305548066049
702317053131576   1789478054415465
702317053131576   1790455854317685
702317053131576   1791510770878860
702317053131576   1792571287439475
702317053131576   1792863034076967
702317053131576   1793617127334891
702317053131576   1793770710652866
702317053131576   1796627880367149
702317053131576   1797695863593684
702317053131576   1797709643592306
702317053131576   1798737676822836
702317053131576   1798985853464685
702317053131576   1799533740076563
702317053131576   1799672620062675
702317053131576   1799837653379505
702317053131576   1800619679967969
702317053131576   1800697186626885
702317053131576   1801437873219483
702317053131576   1801813003181970
702317053131576   1802577209772216
702317053131576   1802751513088119
702317053131576   1802945676402036
702317053131576   1804733412889929
702317053131576   1804970389532898
702317053131576   1805011949528742
702317053131576   1806056346090969
702317053131576   1807451925951411
702317053131576   1807516585944945
702317053131576   1808184629211474
702317053131576   1821319941231276
702317053131576   1823480691015201
702317053131576   1824392137590723
77241077755   10154286202872756
77241077755   10154286207267756
77241077755   10154286644257756
77241077755   10154286647357756
77241077755   10154286661857756
77241077755   10154297623512756
77241077755   10154298144307756
77241077755   10154298293147756
77241077755   10154298524687756
77241077755   10154302568777756
77241077755   10154302622317756
77241077755   10154302628082756
77241077755   10154302630232756
77241077755   10154302634902756
77241077755   10154302636262756
77241077755   10154302855707756
77241077755   10154302866117756
77241077755   10154302870402756
77241077755   10154302873267756
77241077755   10154303439697756
77241077755   10154304976912756
77241077755   10154305039302756
77241077755   10154305490037756
77241077755   10154305494332756
77241077755   10154308083452756
77241077755   10154312852432756
77241077755   10154315028302756
77241077755   10154315111132756
77241077755   10154315150167756
77241077755   10154315366412756
77241077755   10154315437507756
77241077755   10154318000797756
77241077755   10154318463597756
77241077755   10154318857877756
77241077755   10154322008842756
77241077755   10154322211517756
77241077755   10154323051817756
77241077755   10154324532817756
77241077755   10154325167237756
77241077755   10154330536927756
77241077755   10154335363667756
77241077755   10154335455012756
77241077755   10154335495047756
77241077755   10154335538762756
77241077755   10154338116562756
77241077755   10154338418277756
77241077755   10154338426092756
77241077755   10154338429312756
77241077755   10154339322342756
77241077755   10154340800122756
77241077755   10154341249657756
77241077755   10154341473782756
77241077755   10154341479287756
77241077755   10154341566152756
77241077755   10154343802562756
77241077755   10154343998297756
77241077755   10154344002047756
77241077755   10154344211897756
77241077755   10154344271752756
77241077755   10154353327272756
77241077755   10154353339342756
77241077755   10154353451587756
77241077755   10154354109732756
77241077755   10154358153722756
77241077755   10154358734227756
77241077755   10154361882157756
77241077755   10154365910977756
77241077755   10154366153552756
77241077755   10154366165202756
77241077755   10154367869292756
77241077755   10154367874177756
77241077755   10154367876772756
77241077755   10154367880647756
77241077755   10154367895927756
77241077755   10154367898762756
77241077755   10154367902132756
77241077755   10154367905312756
77241077755   10154370433517756
77241077755   10154371617662756
77241077755   10154375636657756
77241077755   10154375890882756
77241077755   10154375995557756
77241077755   10154378655247756
77241077755   10154379023102756
77241077755   10154379170052756
77241077755   10154379181172756
77241077755   10154379181282756
77241077755   10154380771507756
77241077755   10154381176767756
77241077755   10154381459262756
77241077755   10154381776327756
77241077755   10154381864302756
77241077755   10154384174342756
77241077755   10154384191102756
77241077755   10154396060017756
77241077755   10154396138407756
77241077755   10154398438152756
77241077755   10154398892852756
77241077755   10154398951612756
77241077755   10154402365667756
77241077755   10154404724517756
77241077755   10154405379662756
77241077755   10154406382077756
77241077755   10154407086262756
77241077755   10154407171642756
77241077755   10154407205902756
77241077755   10154407209287756
77241077755   10154407212092756
77241077755   10154407214037756
77241077755   10154407226927756
77241077755   10154407255717756
77241077755   10154407260122756
77241077755   10154407266577756
77241077755   10154407269387756
77241077755   10154407559567756
77241077755   10154407662667756
77241077755   10154407680987756
77241077755   10154413043297756
77241077755   10154415139052756
77241077755   10154415261802756
77241077755   10154415336557756
77241077755   10154415748287756
77241077755   10154415765537756
77241077755   10154415930932756
77241077755   10154416270972756
77241077755   10154416280717756
77241077755   10154416388772756
77241077755   10154417839162756
77241077755   10154417859742756
77241077755   10154418308577756
77241077755   10154418374217756
77241077755   10154420706127756
77241077755   10154421310467756
77241077755   10154421360432756
77241077755   10154423950652756
77241077755   10154425124642756
77241077755   10154425127132756
77241077755   10154425131237756
77241077755   10154425174487756
77241077755   10154425216322756
77241077755   10154425219987756
77241077755   10154425221297756
77241077755   10154425783812756
77241077755   10154428048832756
77241077755   10154428096472756
77241077755   10154428550457756
77241077755   10154428571282756
77241077755   10154428577582756
77241077755   10154428580817756
77241077755   10154428961507756
77241077755   10154436411237756
77241077755   10154437431122756
77241077755   10154438630682756
77241077755   10154438992637756
77241077755   10154439721422756
77241077755   10154441949177756
77241077755   10154441953867756
77241077755   10154441954942756
77241077755   10154441971442756
77241077755   10154441973602756
77241077755   10154441976107756
77241077755   10154441978362756
77241077755   10154442001692756
77241077755   10154443928642756
77241077755   10154443932972756
77241077755   10154444101387756
77241077755   10154444115932756
77241077755   10154444491642756
77241077755   10154446594322756
77241077755   10154446610007756
77241077755   10154446822772756
77241077755   10154455751397756
77241077755   10154457286507756
77241077755   10154457354232756
77241077755   10154457417602756
77241077755   10154457918492756
77241077755   10154457929222756
77241077755   10154457949857756
77241077755   10154459750387756
77241077755   10154462101607756
77241077755   10154465078537756
77241077755   10154465090357756
77241077755   10154465096987756
77241077755   10154465100287756
77241077755   10154465200192756
77241077755   10154466168062756
77241077755   10154474618327756
77241077755   10154474730777756
77241077755   10154474733217756
77241077755   10154474735527756
77241077755   10154474742697756
77241077755   10154474797762756
77241077755   10154474800222756
77241077755   10154474942087756
77241077755   10154475093112756
77241077755   10154475257937756
77241077755   10154475282997756
77241077755   10154475296002756
77241077755   10154475313497756
77241077755   10154477403962756
77241077755   10154478009762756
77241077755   10154478803767756
77241077755   10154484823902756
77241077755   10154484850567756
77241077755   10154484855997756
77241077755   10154484919227756
77241077755   10154485283937756
77241077755   10154487382617756
77241077755   10154488070137756
77241077755   10154488087512756
77241077755   10154488381047756
77241077755   10154497147722756
77241077755   10154497473107756
77241077755   10154497920677756
77241077755   10154500129707756
77241077755   10154500606582756
77241077755   10154500625282756
77241077755   10154502520797756
77241077755   10154502677117756
77241077755   10154502680582756
77241077755   10154503126837756
77241077755   10154503882232756
77241077755   10154505721752756
77241077755   10154505878697756
77241077755   10154505883887756
77241077755   10154505886537756
77241077755   10154508634642756
77241077755   10154508640302756
77241077755   10154508646762756
77241077755   10154508655662756
77241077755   10154508659067756
77241077755   10154508663747756
77241077755   10154516968722756
77241077755   10154517646677756
77241077755   10154517676822756
77241077755   10154523679582756
77241077755   10154523689632756
77241077755   10154523699227756
77241077755   10154523703147756
77241077755   10154523837632756
77241077755   10154524239487756
77241077755   10154526715782756
77241077755   10154526747282756
77241077755   10154527087172756
77241077755   10154529024812756
77241077755   10154529040202756
77241077755   10154529047187756
77241077755   10154529179022756
77241077755   10154529671987756
77241077755   10154531745057756
77241077755   10154537298807756
77241077755   10154537705917756
77241077755   10154540015347756
77241077755   10154540037027756
77241077755   10154540304402756
77241077755   10154540306497756
77241077755   10154540307357756
77241077755   10154540308612756
77241077755   10154540310942756
77241077755   10154540318682756
77241077755   10154540684007756
77241077755   10154540686477756
77241077755   10154543028282756
77241077755   10154544818487756
77241077755   10154544955877756
77241077755   10154544979117756
77241077755   10154544983347756
77241077755   10154544993902756
77241077755   10154544998597756
77241077755   10154545002537756
77241077755   10154545023492756
77241077755   10154545028222756
77241077755   10154545031102756
77241077755   10154545054857756
77241077755   10154545288942756
77241077755   10154549502237756
77241077755   10154549676442756
77241077755   10154549726777756
77241077755   10154549825102756
77241077755   10154550444367756
77241077755   10154554429822756
77241077755   10154555336087756
77241077755   10154556117107756
77241077755   10154558067547756
77241077755   10154558085512756
77241077755   10154560693057756
77241077755   10154560778427756
77241077755   10154560918932756
77241077755   10154560939367756
77241077755   10154561378902756
77241077755   10154561670517756
77241077755   10154563914137756
77241077755   10154563940292756
77241077755   10154564502287756
77241077755   10154565678947756
77241077755   10154565690142756
77241077755   10154565702757756
77241077755   10154565706342756
77241077755   10154565708687756
77241077755   10154568503422756
77241077755   10154576803122756
77241077755   10154577169297756
77241077755   10154577588112756
77241077755   10154580281722756
77241077755   10154580526242756
77241077755   10154580732177756
77241077755   10154586142152756
77241077755   10154586740177756
77241077755   10154587244962756
77241077755   10154588899192756
77241077755   10154588908312756
77241077755   10154589052352756
77241077755   10154589059662756
77241077755   10154589357352756
77241077755   10154589665092756
77241077755   10154589982422756
77241077755   10154599163492756
77241077755   10154601064217756
77241077755   10154601411872756
77241077755   10154601420537756
77241077755   10154601424767756
77241077755   10154601426922756
77241077755   10154601431507756
77241077755   10154601661342756
77241077755   10154602155912756
77241077755   10154602228132756
77241077755   10154603837332756
77241077755   10154603987647756
77241077755   10154604055772756
77241077755   10154604165077756
77241077755   10154604173277756
77241077755   10154604399467756
77241077755   10154607331782756
77241077755   10154609314517756
77241077755   10154609552282756
77241077755   10154609839177756
77241077755   10154609848017756
77241077755   10154609859777756
77241077755   10154609861602756
77241077755   10154610044682756
77241077755   10154619726652756
77241077755   10154619777572756
77241077755   10154620127727756
77241077755   10154622087857756
77241077755   10154622090992756
77241077755   10154622353982756
77241077755   10154623048857756
77241077755   10154623052572756
77241077755   10154623180252756
77241077755   10154624767077756
77241077755   10154624798627756
77241077755   10154624803482756
77241077755   10154624993817756
77241077755   10154625003887756
77241077755   10154625011992756
77241077755   10154625038942756
77241077755   10154625155702756
77241077755   10154625178767756
77241077755   10154627687967756
77241077755   10154627729087756
77241077755   10154627846467756
77241077755   10154628336837756
77241077755   10154628350612756
77241077755   10154628528617756
77241077755   10154628540082756
77241077755   10154630180872756
77241077755   10154630184062756
77241077755   10154630213967756
77241077755   10154630218862756
77241077755   10154630291237756
77241077755   10154630415102756
77241077755   10154630424762756
77241077755   10154638710342756
77241077755   10154638735982756
77241077755   10154639198842756
77241077755   10154639256827756
77241077755   10154641353192756
77241077755   10154641478657756
77241077755   10154641747142756
77241077755   10154641748952756
77241077755   10154641751992756
77241077755   10154641800187756
77241077755   10154641803487756
77241077755   10154641965782756
77241077755   10154642109247756
77241077755   10154642151322756
77241077755   10154644086662756
77241077755   10154644623477756
77241077755   10154645337192756
77241077755   10154647650572756
77241077755   10154647702312756
77241077755   10154648019832756
77241077755   10154648039672756
77241077755   10154648272632756
77241077755   10154650755182756
77241077755   10154650894002756
77241077755   10154650896697756
77241077755   10154650901147756
77241077755   10154650913487756
77241077755   10154650924832756
77241077755   10154650928362756
77241077755   10154658872957756
77241077755   10154658914347756
77241077755   10154661013357756
77241077755   10154661015237756
77241077755   10154661036932756
77241077755   10154661039802756
77241077755   10154661051217756
77241077755   10154661057412756
77241077755   10154661118062756
77241077755   10154661256797756
77241077755   10154661383137756
77241077755   10154661582582756
77241077755   10154663336887756
77241077755   10154663349467756
77241077755   10154663360997756
77241077755   10154663678647756
77241077755   10154663949402756
77241077755   10154665991437756
77241077755   10154667011197756
77241077755   10154667051222756
77241077755   10154667057797756
77241077755   10154667077422756
77241077755   10154667079667756
77241077755   10154667083977756
77241077755   10154670158287756
77241077755   10154677787597756
77241077755   10154678358927756
77241077755   10154680150362756
77241077755   10154680155712756
77241077755   10154680158717756
77241077755   10154680161197756
77241077755   10154680188827756
77241077755   10154680656617756
77241077755   10154680887722756
77241077755   10154680889177756
77241077755   10154680892652756
77241077755   10154680894557756
77241077755   10154680899627756
77241077755   10154683545377756
77241077755   10154683579562756
77241077755   10154683588782756
77241077755   10154683590382756
77241077755   10154683592887756
77241077755   10154683595682756
77241077755   10154683599047756
77241077755   10154683610232756
77241077755   10154683623587756
77241077755   10154683976827756
77241077755   10154683978142756
77241077755   10154686092397756
77241077755   10154686220822756
77241077755   10154688846372756
77241077755   10154697118497756
77241077755   10154700000257756
77241077755   10154700056562756
77241077755   10154700222717756
77241077755   10154700228722756
77241077755   10154700232732756
77241077755   10154700240242756
77241077755   10154700243137756
77241077755   10154700250087756
77241077755   10154700267332756
77241077755   10154702347497756
77241077755   10154705767967756
77241077755   10154705855327756
77241077755   10154705893422756
77241077755   10154706096862756
77241077755   10154707826632756
77241077755   10154707876652756
77241077755   10154707922427756
77241077755   10154714852692756
77241077755   10154716665217756
77241077755   10154719473557756
77241077755   10154719646862756
77241077755   10154720072662756
77241077755   10154720153072756
77241077755   10154720175307756
77241077755   10154722214957756
77241077755   10154722261352756
77241077755   10154722268932756
77241077755   10154722406147756
77241077755   10154722653847756
77241077755   10154723118332756
77241077755   10154723124547756
77241077755   10154723282577756
77241077755   10154723296162756
77241077755   10154723303507756
77241077755   10154723367017756
77241077755   10154725011687756
77241077755   10154725017217756
77241077755   10154725032617756
77241077755   10154725169477756
77241077755   10154725172667756
77241077755   10154725368732756
77241077755   10154726153142756
77241077755   10154726167432756
77241077755   10154728214937756
77241077755   10154728731277756
77241077755   10154737585442756
77241077755   10154737627077756
77241077755   10154737647327756
77241077755   10154738437467756
77241077755   10154738524902756
77241077755   10154738608667756
77241077755   10154738680817756
77241077755   10154740806047756
77241077755   10154741135117756
77241077755   10154741811782756
77241077755   10154744517047756
77241077755   10154744690117756
77241077755   10154744706922756
77241077755   10154744711772756
77241077755   10154744736422756
77241077755   10154745240932756
77241077755   10154745243712756
77241077755   10154745304362756
77241077755   10154748222257756
77241077755   10154748454517756
77241077755   10154748464377756
77241077755   10154748466882756
77241077755   10154748638882756
77241077755   10154748645002756
77241077755   10154748650012756
77241077755   10154748658722756
77241077755   10154748664447756
77241077755   10154748670682756
77241077755   10154748761837756
77241077755   10154748939072756
77241077755   10154751052497756
77241077755   10154752998037756
77241077755   10154752999057756
77241077755   10154754653737756
77241077755   10154759286782756
77241077755   10154759526017756
77241077755   10154759968922756
77241077755   10154760097937756
77241077755   10154760733492756
77241077755   10154761989032756
77241077755   10154762077072756
77241077755   10154762083297756
77241077755   10154762451952756
77241077755   10154762717527756
77241077755   10154762944207756
77241077755   10154765726342756
77241077755   10154766032217756
77241077755   10154768564382756
77241077755   10154769363647756
77241077755   10154771119362756
77241077755   10154771121527756
77241077755   10154771123337756
77241077755   10154771440522756
77241077755   10154771488032756
77241077755   10154771672817756
77241077755   10154771674892756
77241077755   10154771677157756
77241077755   10154771939392756
77241077755   10154775181787756
77241077755   10154780081782756
77241077755   10154781071162756
77241077755   10154781077862756
77241077755   10154781085282756
77241077755   10154781091012756
77241077755   10154781257412756
77241077755   10154781307767756
77241077755   10154783141122756
77241077755   10154783573587756
77241077755   10154783576082756
77241077755   10154783579352756
77241077755   10154787873957756
77241077755   10154787925462756
77241077755   10154790049257756
77241077755   10154792002417756
77241077755   10154792018007756
77241077755   10154792054792756
77241077755   10154792062577756
77241077755   10154801640802756
77241077755   10154801906587756
77241077755   10154804730032756
77241077755   10154804736632756
77241077755   10154804751777756
77241077755   10154804752547756
77241077755   10154804913532756
77241077755   10154805628787756
77241077755   10154805788442756
77241077755   10154806020117756
77241077755   10154809976622756
77241077755   10154810134477756
77241077755   10154812403047756
77241077755   10154812897222756
77241077755   10154813318107756
77241077755   10154814005367756
77241077755   10154816216062756
77241077755   10154816438102756
77241077755   10154816439587756
77241077755   10154816441927756
77241077755   10154817372317756
77241077755   10154817391232756
77241077755   10154817427017756
77241077755   10154827887207756
77241077755   10154827904807756
77241077755   10154833895442756
77241077755   10154835123322756
77241077755   10154837219947756
77241077755   10154840465552756
77241077755   10154840503637756
77241077755   10154841659547756
77241077755   10154841664092756
77241077755   10154841668312756
77241077755   10154841676332756
77241077755   10154850648522756
77241077755   10154850720347756
77241077755   10154850744862756
77241077755   10154850748697756
77241077755   10154850754482756
77241077755   10154850814447756
77241077755   10154853990932756
77241077755   10154854363602756
77241077755   10154857504897756
77241077755   10154858315892756
77241077755   10154859975207756
77241077755   10154860829422756
77241077755   10154881149967756
77241077755   10154882605552756
77241077755   10154882896437756
77241077755   10154883005537756
77241077755   10154883350677756
77241077755   10154889230212756
77241077755   10154899293122756
77241077755   10154899564202756
77241077755   10154899698747756
77241077755   10154901792217756
77241077755   10154902302167756
77241077755   10154902390172756
77241077755   10154903276657756
77241077755   10154909241302756
77241077755   10154909539607756
77241077755   10154909546502756
77241077755   10154909553137756
77241077755   10154909565407756
77241077755   10154909575142756
77241077755   10154909578587756
77241077755   10154909659627756
77241077755   10154919675897756
77241077755   10154919726942756
77241077755   10154922016702756
77241077755   10154922854967756
77241077755   10154927780892756
77241077755   10154939118307756
77241077755   10154941719532756
77241077755   10154942260822756
77241077755   10154950358912756
77241077755   10154950361317756
77241077755   10154950362587756
77241077755   10154960844512756
77241077755   10154960862432756
77241077755   10154960872107756
77241077755   10154969336692756
77241077755   10154972423602756
77241077755   10154979801087756
77241077755   10154982211032756
77241077755   10154982230817756
77241077755   10154985616697756
77241077755   10154985667467756
77241077755   10154999439822756
77241077755   10154999448542756
77241077755   10154999504172756
77241077755   10155001913577756
77241077755   10155004268687756
77241077755   10155006073572756
77241077755   10155026931587756
77241077755   10155035268507756
77241077755   10155037964832756
77241077755   10155041405342756
77241077755   10155043100037756
77241077755   10155045845432756
77241077755   10155056810377756
77241077755   10155058644002756
77241077755   10155061679207756
77241077755   10155075406357756
77241077755   10155075528662756
7737305975   10154091020030976
7737305975   10154122667480976
7737305975   10154124678730976
7737305975   10154125711255976
7737305975   10154127163810976
7737305975   10154128419100976
7737305975   10154130263935976
7737305975   10154131280955976
7737305975   10154133074550976
7737305975   10154133778245976
7737305975   10154134157175976
7737305975   10154136449435976
7737305975   10154138001125976
7737305975   10154138920275976
7737305975   10154141782150976
7737305975   10154144365550976
7737305975   10154145929840976
7737305975   10154145990465976
7737305975   10154146885805976
7737305975   10154148507910976
7737305975   10154149054395976
7737305975   10154149295200976
7737305975   10154149913775976
7737305975   10154152416190976
7737305975   10154152470905976
7737305975   10154153528530976
7737305975   10154155466850976
7737305975   10154158629350976
7737305975   10154163862930976
7737305975   10154164949485976
7737305975   10154166559000976
7737305975   10154167597720976
7737305975   10154169362775976
7737305975   10154170550850976
7737305975   10154172194470976
7737305975   10154172911195976
7737305975   10154173103625976
7737305975   10154174675565976
7737305975   10154175796020976
7737305975   10154184244505976
7737305975   10154188296980976
7737305975   10154190134985976
7737305975   10154194370135976
7737305975   10154195976930976
7737305975   10154197038670976
7737305975   10154198728815976
7737305975   10154198746550976
7737305975   10154199929825976
7737305975   10154206173975976
7737305975   10154207312930976
7737305975   10154209137645976
7737305975   10154209758425976
7737305975   10154209799035976
7737305975   10154210239455976
7737305975   10154212445420976
7737305975   10154213546730976
7737305975   10154215193815976
7737305975   10154216385655976
7737305975   10154217971120976
7737305975   10154218953805976
7737305975   10154226034060976
7737305975   10154228600665976
7737305975   10154229832890976
7737305975   10154231548590976
7737305975   10154232654970976
7737305975   10154233934910976
7737305975   10154234447470976
7737305975   10154235220200976
7737305975   10154236179875976
7737305975   10154236917245976
7737305975   10154237105360976
7737305975   10154241394650976
7737305975   10154243531685976
7737305975   10154243678870976
7737305975   10154244521020976
7737305975   10154245935095976
7737305975   10154247182200976
7737305975   10154248701200976
7737305975   10154249367280976
7737305975   10154249539475976
7737305975   10154249936020976
7737305975   10154252287925976
7737305975   10154253803530976
7737305975   10154256352285976
7737305975   10154257780755976
7737305975   10154265602350976
7737305975   10154267017675976
7737305975   10154267677425976
7737305975   10154267698505976
7737305975   10154267991810976
7737305975   10154269502660976
7737305975   10154270377820976
7737305975   10154272708090976
7737305975   10154274243285976
7737305975   10154275231895976
7737305975   10154276800265976
7737305975   10154281423570976
7737305975   10154282483310976
7737305975   10154284833815976
7737305975   10154286405705976
7737305975   10154287261525976
7737305975   10154288598850976
7737305975   10154292252090976
7737305975   10154292765995976
7737305975   10154299570660976
7737305975   10154300711505976
7737305975   10154302365950976
7737305975   10154303686785976
7737305975   10154305547000976
7737305975   10154306686120976
7737305975   10154309588505976
7737305975   10154310997130976
7737305975   10154313003705976
7737305975   10154319002670976
7737305975   10154321827020976
7737305975   10154321840795976
7737305975   10154321993285976
7737305975   10154323015415976
7737305975   10154324396505976
7737305975   10154325284810976
7737305975   10154326669900976
7737305975   10154326676675976
7737305975   10154327713015976
7737305975   10154329251240976
7737305975   10154329276995976
7737305975   10154331660890976
7737305975   10154332693920976
7737305975   10154339135720976
7737305975   10154341549835976
7737305975   10154342526075976
7737305975   10154344331615976
7737305975   10154345446680976
7737305975   10154347293865976
7737305975   10154348400835976
7737305975   10154349762795976
7737305975   10154349851465976
7737305975   10154350230860976
7737305975   10154350716310976
7737305975   10154352643645976
7737305975   10154353420185976
7737305975   10154357583405976
7737305975   10154358279225976
7737305975   10154358746245976
7737305975   10154361469380976
7737305975   10154362992885976
7737305975   10154365449415976
7737305975   10154366120330976
7737305975   10154366977750976
7737305975   10154367955935976
7737305975   10154369109490976
7737305975   10154371176840976
7737305975   10154374102170976
7737305975   10154377016885976
7737305975   10154378855385976
7737305975   10154380051130976
7737305975   10154381804425976
7737305975   10154383114665976
7737305975   10154385448345976
7737305975   10154386091185976
7737305975   10154386712405976
7737305975   10154388767320976
7737305975   10154390382555976
7737305975   10154392682795976
7737305975   10154395841685976
7737305975   10154398267530976
7737305975   10154398298450976
7737305975   10154399583075976
7737305975   10154401469100976
7737305975   10154402617290976
7737305975   10154405101535976
7737305975   10154408311000976
7737305975   10154409588250976
7737305975   10154411369670976
7737305975   10154411682345976
7737305975   10154412586415976
7737305975   10154414477740976
7737305975   10154415421645976
7737305975   10154418366220976
7737305975   10154420331825976
7737305975   10154421547445976
7737305975   10154423344445976
7737305975   10154424660930976
7737305975   10154426294165976
7737305975   10154427690700976
7737305975   10154429379245976
7737305975   10154430647650976
7737305975   10154432437860976
7737305975   10154433758850976
7737305975   10154436647475976
7737305975   10154437229260976
7737305975   10154437740740976
7737305975   10154439418675976
7737305975   10154440149225976
7737305975   10154441863475976
7737305975   10154443329595976
7737305975   10154446812795976
7737305975   10154448435745976
7737305975   10154450187180976
7737305975   10154451460610976
7737305975   10154452974345976
7737305975   10154453531295976
7737305975   10154453799350976
7737305975   10154454120335976
7737305975   10154455750110976
7737305975   10154457264830976
7737305975   10154458734930976
7737305975   10154459578475976
7737305975   10154460115640976
7737305975   10154461272905976
7737305975   10154461282625976
7737305975   10154461318505976
7737305975   10154463983780976
7737305975   10154464718330976
7737305975   10154465584065976
7737305975   10154466903155976
7737305975   10154468012975976
7737305975   10154469392620976
7737305975   10154472011260976
7737305975   10154472226945976
7737305975   10154472441660976
7737305975   10154473054290976
7737305975   10154474401160976
7737305975   10154475674165976
7737305975   10154477327700976
7737305975   10154480023895976
7737305975   10154482245750976
7737305975   10154483376460976
7737305975   10154485281000976
7737305975   10154486250800976
7737305975   10154489272085976
7737305975   10154490934685976
7737305975   10154491693725976
7737305975   10154493393135976
7737305975   10154494120600976
7737305975   10154494189435976
7737305975   10154494964860976
7737305975   10154496128110976
7737305975   10154497499355976
7737305975   10154498896315976
7737305975   10154499683460976
7737305975   10154501384300976
7737305975   10154502433420976
7737305975   10154504330085976
7737305975   10154505746100976
7737305975   10154507487655976
7737305975   10154508544070976
7737305975   10154511282275976
7737305975   10154512861035976
7737305975   10154513072170976
7737305975   10154514274890976
7737305975   10154516106310976
7737305975   10154519550630976
7737305975   10154523177455976
7737305975   10154524833240976
7737305975   10154526099225976
7737305975   10154527681845976
7737305975   10154527736890976
7737305975   10154530777845976
7737305975   10154531962620976
7737305975   10154533892365976
7737305975   10154534995920976
7737305975   10154537611410976
7737305975   10154540025050976
7737305975   10154542263060976
7737305975   10154543345680976
7737305975   10154545147375976
7737305975   10154546539210976
7737305975   10154548128315976
7737305975   10154549258190976
7737305975   10154550937065976
7737305975   10154551845155976
7737305975   10154552300700976
7737305975   10154554068015976
7737305975   10154554869190976
7737305975   10154554895075976
7737305975   10154554901565976
7737305975   10154555219835976
7737305975   10154557095675976
7737305975   10154563096690976
7737305975   10154563107175976
7737305975   10154563545085976
7737305975   10154566615400976
7737305975   10154567811260976
7737305975   10154569799690976
7737305975   10154571061670976
7737305975   10154572593440976
7737305975   10154572594280976
7737305975   10154573711120976
7737305975   10154575623125976
7737305975   10154577183015976
7737305975   10154582421430976
7737305975   10154585829300976
7737305975   10154587389405976
7737305975   10154587908825976
7737305975   10154588666115976
7737305975   10154590164040976
7737305975   10154591323440976
7737305975   10154593340555976
7737305975   10154594885310976
7737305975   10154596456685976
7737305975   10154597294840976
7737305975   10154597296940976
7737305975   10154597397050976
7737305975   10154597843215976
7737305975   10154599596255976
7737305975   10154605264190976
7737305975   10154606069675976
7737305975   10154606703190976
7737305975   10154608472895976
7737305975   10154611529925976
7737305975   10154612913230976
7737305975   10154614631695976
7737305975   10154615818980976
7737305975   10154617547725976
7737305975   10154617574925976
7737305975   10154617669970976
7737305975   10154618692570976
7737305975   10154620822335976
7737305975   10154629293950976
7737305975   10154633453775976
7737305975   10154636900660976
7737305975   10154640434825976
7737305975   10154641858940976
7737305975   10154652052215976
7737305975   10154655877930976
7737305975   10154659210400976
7737305975   10154662434110976
7737305975   10154663194150976
7737305975   10154665864500976
7737305975   10154669576935976
7737305975   10154673881380976
7737305975   10154677216820976
7737305975   10154680326970976
7737305975   10154687174925976
7737305975   10154690732850976
7737305975   10154693685940976
7737305975   10154698718805976
7737305975   10154701035080976
7737305975   10154704516525976
7737305975   10154708676980976
7737305975   10154711356070976
7737305975   10154711603950976
7737305975   10154714086510976
7737305975   10154717263825976
7737305975   10154720907340976
7737305975   10154723691880976
7737305975   10154730780070976
7737305975   10154733828695976
7737305975   10154736955755976
7737305975   10154737462980976
7737305975   10154739692345976
7737305975   10154742468515976
7737305975   10154744762200976
7737305975   10154747470430976
7737305975   10154752917535976
7737305975   10154755282605976
7737305975   10154758099410976
7737305975   10154761301020976
7737305975   10154763553330976
7737305975   10154767636230976
7737305975   10154770032160976
7737305975   10154770678470976
7737305975   10154772938260976
7737305975   10154773679745976
7737305975   10154775513465976
7737305975   10154775696305976
7737305975   10154776158175976
7737305975   10154776667700976
7737305975   10154778318220976
7737305975   10154778427305976
7737305975   10154781294560976
7737305975   10154786466090976
7737305975   10154789100895976
7737305975   10154791641915976
7737305975   10154792116715976
7737305975   10154797000455976
7737305975   10154800098905976
7737305975   10154802457925976
7737305975   10154805066320976
7737305975   10154807872120976
7737305975   10154810432635976
7737305975   10154813697080976
7737305975   10154815774480976
7737305975   10154818753895976
7737305975   10154821141645976
7737305975   10154823944580976
7737305975   10154827572380976
7737305975   10154831043970976
7737305975   10154831178790976
7737305975   10154833777200976
7737305975   10154836443340976
7737305975   10154839762805976
7737305975   10154844874115976
7737305975   10154845027685976
7737305975   10154847823770976
7737305975   10154850792005976
7737305975   10154851215370976
7737305975   10154851232345976
7737305975   10154854266495976
7737305975   10154858811130976
7737305975   10154866310505976
7737305975   10154868880810976
7737305975   10154871255580976
7737305975   10154871461960976
7737305975   10154872092080976
7737305975   10154873859990976
7737305975   10154876537765976
7737305975   10154879806585976
7737305975   10154880996225976
7737305975   10154884085790976
7737305975   10154886695405976
7737305975   10154889409205976
7737305975   10154889490290976
7737305975   10154890585495976
7737305975   10154892147515976
7737305975   10154895204025976
7737305975   10154897399065976
7737305975   10154900063655976
7737305975   10154902378055976
7737305975   10154903811530976
7737305975   10154905454880976
7737305975   10154907105925976
7737305975   10154910839615976
7753384227   10154931320964228
7753384227   10154934634679228
7753384227   10154939827949228
7753384227   10154945368759228
7753384227   10154951055099228
7753384227   10154953675919228
7753384227   10154959352104228
7753384227   10154968085844228
7753384227   10154977638284228
7753384227   10154983579849228
7753384227   10154989612354228
7753384227   10154997078994228
7753384227   10155001487094228
7753384227   10155006264469228
7753384227   10155010529874228
7753384227   10155016908354228
7753384227   10155017512009228
7753384227   10155022207399228
7753384227   10155025065284228
7753384227   10155031826309228
7753384227   10155037792649228
7753384227   10155038320469228
7753384227   10155038339439228
7753384227   10155043868494228
7753384227   10155049714699228
7753384227   10155052808679228
7753384227   10155058258329228
7753384227   10155067139109228
7753384227   10155072897179228
7753384227   10155081213924228
7753384227   10155087502729228
7753384227   10155090080299228
7753384227   10155092722219228
7753384227   10155095517994228
7753384227   10155101029949228
7753384227   10155106707959228
7753384227   10155109420379228
7753384227   10155115087944228
7753384227   10155120325134228
7753384227   10155126598454228
7753384227   10155132824534228
7753384227   10155135899619228
7753384227   10155136211924228
7753384227   10155143861414228
7753384227   10155153520264228
7753384227   10155157207739228
7753384227   10155159812829228
7753384227   10155162519579228
7753384227   10155165785544228
7753384227   10155175104774228
7753384227   10155180574914228
7753384227   10155184026244228
7753384227   10155190539724228
7753384227   10155196723409228
7753384227   10155205520804228
7753384227   10155210802364228
7753384227   10155216956199228
7753384227   10155226488959228
7753384227   10155230600319228
7753384227   10155234959204228
7753384227   10155242275454228
7753384227   10155248962644228
7753384227   10155252285359228
7753384227   10155259504039228
7753384227   10155266575479228
7753384227   10155274287439228
7753384227   10155277403249228
7753384227   10155283810429228
7753384227   10155290281024228
7753384227   10155299177689228
7753384227   10155305270489228
7753384227   10155311544394228
7753384227   10155317360019228
7753384227   10155320364104228
7753384227   10155325897959228
7753384227   10155332629559228
7753384227   10155340849829228
7753384227   10155343588439228
7753384227   10155346663329228
7753384227   10155352750184228
7753384227   10155362696929228
7753384227   10155366410834228
7753384227   10155368805024228
7753384227   10155374511934228
7753384227   10155380438399228
7753384227   10155383850434228
7753384227   10155390432359228
7753384227   10155396526124228
7753384227   10155406059004228
7753384227   10155408983779228
7753384227   10155412027089228
7753384227   10155420058029228
7753384227   10155431984409228
7753384227   10155438820579228
7753384227   10155446087954228
7753384227   10155461440179228
7753384227   10155468470184228
7753384227   10155469506924228
7753384227   10155471629874228
7753384227   10155492178194228
7753384227   10155499053239228
7753384227   10155502452084228
7753384227   10155509822464228
7753384227   10155529772669228
7753384227   10155537047904228
7753384227   10155553829029228
7753384227   10155561504359228
7753384227   10155579662994228
7753384227   10155586822154228
7753384227   10155605658549228
7753384227   10155613040094228
7753384227   10155628033109228
7753384227   10155630727834228
7753384227   10155633759099228
7753384227   10155645557824228
7753384227   10155648499579228
7753384227   10155654272079228
7753384227   10155667976154228
7753384227   10155670715054228
7753384227   10155673436864228
7753384227   10155684532649228
7753384227   10155685945439228
7753384227   10155693225144228
7753384227   10155707387644228
7753384227   10155713783819228
7753384227   10155719702684228
7753384227   10155725122674228
7753384227   10155725268259228
7753384227   10155727419029228
7753384227   10155733381899228
7753384227   10155734689129228
7753384227   10155744936294228
7753384227   10155750420814228
7753384227   10155753135214228
7753384227   10155765470809228
7753384227   10155765496719228
7753384227   10155775493929228
7753384227   10155784483729228
7753384227   10155787238604228
7753384227   10155792424609228
7753384227   10155795097829228
77978885595   10154223532761771
77978885595   10158028216110596
77978885595   10158034772170596
77978885595   10158040664800596
77978885595   10158050323060596
77978885595   10158060577355596
77978885595   10158065239495596
77978885595   10158075212155596
77978885595   10158081487080596
77978885595   10158092574850596
77978885595   10158098861760596
77978885595   10158108092190596
77978885595   10158121693780596
77978885595   10158130955075596
77978885595   10158139076310596
77978885595   10158151955320596
77978885595   10158154451160596
77978885595   10158168989185596
77978885595   10158182540650596
77978885595   10158192858355596
77978885595   10158203708630596
77978885595   10158226466810596
77978885595   10158226915290596
77978885595   10158234514435596
77978885595   10158235498415596
77978885595   10158238984420596
77978885595   10158247277800596
77978885595   10158247947425596
77978885595   10158251164885596
77978885595   10158251977485596
77978885595   10158263962860596
77978885595   10158270740140596
77978885595   10158284754305596
77978885595   10158289739865596
77978885595   10158297787530596
77978885595   10158313070405596
77978885595   10158325675860596
77978885595   10158331423815596
77978885595   10158340551380596
77978885595   10158350470590596
77978885595   10158362543315596
77978885595   10158367231065596
77978885595   10158379924385596
77978885595   10158386221485596
77978885595   10158393048885596
77978885595   10158407327290596
77978885595   10158411222140596
77978885595   10158417178655596
77978885595   10158421637750596
77978885595   10158426079935596
77978885595   10158440157020596
77978885595   10158446239840596
77978885595   10158456202655596
77978885595   10158461078055596
77978885595   10158465230070596
77978885595   10158473966135596
77978885595   10158478426310596
77978885595   10158486226820596
77978885595   10158495113475596
77978885595   10158507129135596
77978885595   10158515756020596
77978885595   10158526319360596
77978885595   10158531297950596
77978885595   10158536251720596
77978885595   10158543143855596
77978885595   10158552803835596
77978885595   10158569884155596
77978885595   10158586545570596
77978885595   10158595111500596
77978885595   10158602792770596
77978885595   10158606343115596
77978885595   10158607493185596
77978885595   10158634797495596
77978885595   10158639996035596
77978885595   10158644992925596
77978885595   10158672353125596
77978885595   10158682679025596
77978885595   10158687820645596
77978885595   10158692715085596
77978885595   10158701952730596
77978885595   10158713112050596
77978885595   10158717330065596
77978885595   10158732422285596
77978885595   10158748197235596
77978885595   10158755253860596
77978885595   10158758690790596
77978885595   10158765287500596
77978885595   10158786916225596
77978885595   10158797041745596
77978885595   10158804365640596
77978885595   10158813299575596
77978885595   10158836942155596
77978885595   10158843209260596
77978885595   10158845178835596
77978885595   10158854114525596
77978885595   10158861856425596
77978885595   10158862754855596
77978885595   10158865599895596
77978885595   10158866621285596
77978885595   10158870190655596
77978885595   10158885066150596
77978885595   10158887730640596
77978885595   10158893708980596
77978885595   10158899190950596
77978885595   10158899494370596
77978885595   10158909823350596
77978885595   10158921130620596
77978885595   10158932302830596
77978885595   10158942985165596
77978885595   10158950450450596
77978885595   10158956851100596
77978885595   10158964102905596
77978885595   10158982012715596
77978885595   10158982100485596
77978885595   10158988803955596
77978885595   10159008953525596
77978885595   10159021286245596
77978885595   10159026735825596
77978885595   10159032222375596
77978885595   10159035564145596
77978885595   10159041426345596
77978885595   10159055786475596
77978885595   10159059067765596
77978885595   10159073979320596
77978885595   10159086327460596
77978885595   10159110173555596
77978885595   10159117353405596
77978885595   10159130730300596
77978885595   10159136688555596
77978885595   10159158113285596
77978885595   10159171980675596
77978885595   10159178689540596
77978885595   10159181542040596
77978885595   10159192103530596
77978885595   10159201184065596
77978885595   10159206262380596
77978885595   10159219810145596
77978885595   10159220223540596
77978885595   10159247333570596
77978885595   10159252792225596
77978885595   10159257323320596
77978885595   10159267285390596
77978885595   10159269007030596
77978885595   10159282967565596
77978885595   10159286795010596
77978885595   10159290733405596
77978885595   10159305220430596
77978885595   10159314853410596
77978885595   10159328152740596
77978885595   10159334138800596
77978885595   10159352127480596
77978885595   10159356664100596
77978885595   10159365398925596
77978885595   10159372756180596
77978885595   10159379275000596
77978885595   10159382734840596
77978885595   10159386741240596
77978885595   10159410022660596
77978885595   10159419015415596
77978885595   10159423476600596
77978885595   10159428173405596
77978885595   1380413478718844
77978885595   1397079370385588
77978885595   1412911882130636
77978885595   1421054097988115
77978885595   1696975503665505
77978885595   1791337947861535
77978885595   508002999551658
77978885595   568574550015180
78143372410   10154387925337411
78143372410   10154390360242411
78143372410   10154390362492411
78143372410   10154397568977411
78143372410   10154397757872411
78143372410   10154400463312411
78143372410   10154400466247411
78143372410   10154400472127411
78143372410   10154400522942411
78143372410   10154410749802411
78143372410   10154413607202411
78143372410   10154416857687411
78143372410   10154420748447411
78143372410   10154420749887411
78143372410   10154423791852411
78143372410   10154432434917411
78143372410   10154438558822411
78143372410   10154438564732411
78143372410   10154438724317411
78143372410   10154457242242411
78143372410   10154457307752411
78143372410   10154463482647411
78143372410   10154463484962411
78143372410   10154473750552411
78143372410   10154476698942411
78143372410   10154476706847411
78143372410   10154480458182411
78143372410   10154482542902411
78143372410   10154482844947411
78143372410   10154493485407411
78143372410   10154494484892411
78143372410   10154497401002411
78143372410   10154502893462411
78143372410   10154504026847411
78143372410   10154515512932411
78143372410   10154517912632411
78143372410   10154518518357411
78143372410   10154533380297411
78143372410   10154533384352411
78143372410   10154539015857411
78143372410   10154539127287411
78143372410   10154542085182411
78143372410   10154545954587411
78143372410   10154560243487411
78143372410   10154561069062411
78143372410   10154564153952411
78143372410   10154566348717411
78143372410   10154566912932411
78143372410   10154577230747411
78143372410   10154577280402411
78143372410   10154579693572411
78143372410   10154583671242411
78143372410   10154600284477411
78143372410   10154600287802411
78143372410   10154603348627411
78143372410   10154608818067411
78143372410   10154612074542411
78143372410   10154612581342411
78143372410   10154621209952411
78143372410   10154625954757411
78143372410   10154631797037411
78143372410   10154633045522411
78143372410   10154652515002411
78143372410   10154696929767411
78143372410   10154721481237411
78143372410   10154766685627411
78143372410   10154793081977411
78143372410   10154810341587411
78143372410   10154826267487411
78143372410   10154840385502411
78143372410   10154866551527411
78143372410   10154870337037411
78143372410   10154872163272411
78143372410   10154883421617411
78143372410   10154885276727411
78143372410   10154891458717411
78143372410   10154925084477411
78143372410   10154925606052411
78143372410   10154927981922411
78143372410   178742532654822
78143372410   204824773359339
80018237219   10154914179232220
80018237219   10154957230027220
80018237219   10155018095552220
80018237219   10155025268242220
80018237219   10155047532192220
80018237219   10155053755082220
80018237219   10155110726852220
80018237219   10155112195227220
80018237219   10155114945512220
80018237219   10155115049657220
80018237219   10155136456387220
80018237219   10155166832042220
80018237219   10155181966872220
80018237219   10155207978172220
80018237219   10155250471432220
80018237219   10155294092352220
80018237219   10155305617317220
80018237219   10155308379017220
80018237219   10155322788417220
80018237219   10155329138552220
80018237219   10155329765007220
80018237219   10155347092722220
80018237219   10155347610942220
80018237219   10155354779182220
80018237219   10155371437157220
80018237219   10155371646972220
80018237219   10155379456832220
80018237219   10155386756642220
80018237219   10155413867007220
80018237219   10155436708547220
80018237219   10155440816947220
80018237219   10155443712217220
80018237219   10155459901812220
80018237219   10155507471307220
80018237219   10155527009877220
80018237219   10155527054407220
80018237219   10155536364937220
80018237219   10155548206812220
80018237219   10155564192627220
80018237219   10155564200402220
80018237219   10155577976802220
80018237219   10155592738542220
80018237219   10155595869187220
80018237219   10155599688727220
80018237219   10155602579637220
80018237219   10155631289547220
80018237219   10155656388882220
80018237219   10155659261157220
80018237219   10155679441932220
80018237219   10155703052502220
80018237219   10155710581347220
80018237219   10155711065582220
80018237219   10155716950577220
80018237219   10155722700172220
80018237219   10155725965322220
80018237219   10155738661437220
80018237219   10155738909922220
80018237219   10155739076357220
80018237219   10155740869612220
80018237219   10155757004077220
80018237219   10155759611017220
80018237219   10155759709177220
80018237219   10155760432087220
80018237219   10155762844772220
80018237219   10155771151657220
80018237219   10155777137572220
80593611889   10100386627502877
80593611889   10100387305738687
80593611889   10100434926241570
80593611889   10100438394780590
80593611889   10100443737383970
80593611889   10100454851421350
80593611889   10100459942394000
80593611889   10100463203917880
80593611889   10100466991981570
80593611889   10100467080055070
80593611889   10100467481590390
80593611889   10153990451081890
80593611889   10154000920711890
80593611889   10154008200471890
80593611889   10154024520641890
80593611889   10154035348706890
80593611889   10154066277666890
80593611889   10154075948706890
80593611889   10154081550981890
80593611889   10154084638881890
80593611889   10154088261421890
80593611889   10154096286601890
80593611889   10154103555556890
80593611889   10154106209456890
80593611889   10154106293931890
80593611889   10154112579246890
80593611889   10154115068621890
80593611889   10154115299761890
80593611889   10154121248066890
80593611889   10154121554246890
80593611889   10154125139381890
80593611889   10154125725956890
80593611889   10154127950676890
80593611889   10154130063561890
80593611889   10154134235826890
80593611889   10154140629096890
80593611889   10154143881301890
80593611889   10154154663876890
80593611889   10154172999536890
80593611889   10154175428461890
80593611889   10154179226601890
80593611889   10154179384071890
80593611889   10154182595231890
80593611889   10154182719496890
80593611889   10154194266456890
80593611889   10154218034316890
80593611889   10154218619561890
80593611889   10154220604766890
80593611889   10154220999691890
80593611889   10154231471766890
80593611889   10154232132246890
80593611889   10154233814286890
80593611889   10154238773261890
80593611889   10154239470336890
80593611889   10154239546376890
80593611889   10154252973716890
80593611889   10154259881681890
80593611889   10154272022141890
80593611889   10154278241476890
80593611889   10154292614426890
80593611889   10154293527686890
80593611889   10154298893911890
80593611889   10154301379461890
80593611889   10154301979016890
80593611889   10154319950021890
80593611889   10154320280251890
80593611889   10154327805426890
80593611889   10154350869821890
80593611889   10154355682706890
80593611889   10154362296866890
80593611889   10154383458671890
80593611889   10154392379156890
80593611889   10154403139121890
80593611889   10154406087396890
