156773665364   10155281124695365
156773665364   10155281274745365
156773665364   10155281285025365
156773665364   10155281556130365
156773665364   10155284179645365
156773665364   10155284926895365
156773665364   10155290408515365
156773665364   10155293695395365
156773665364   10155293992855365
156773665364   10155297125995365
156773665364   10155297477990365
156773665364   10155297814195365
156773665364   10155297948270365
156773665364   10155300577155365
156773665364   10155303131935365
156773665364   10155303448345365
156773665364   10155303855010365
156773665364   10155304126865365
156773665364   10155306744355365
156773665364   10155317215485365
156773665364   10155317829195365
156773665364   10155323533600365
156773665364   10155324112380365
156773665364   10155326799480365
156773665364   10155327051010365
156773665364   10155327646565365
156773665364   10155331009485365
156773665364   10155344475865365
156773665364   10155345312255365
156773665364   10155347696920365
156773665364   10155348552295365
156773665364   10155348902880365
156773665364   10155351217920365
156773665364   10155352330130365
156773665364   10155354943485365
156773665364   10155355264160365
156773665364   10155355892135365
156773665364   10155365427755365
156773665364   10155365819255365
156773665364   10155368824205365
156773665364   10155369419875365
156773665364   10155372372220365
156773665364   10155375504095365
156773665364   10155375789285365
156773665364   10155376557055365
156773665364   10155378934260365
156773665364   10155388099140365
156773665364   10155388350290365
156773665364   10155388607045365
156773665364   10155388901200365
156773665364   10155389551560365
156773665364   10155391609745365
156773665364   10155394302630365
156773665364   10155395363305365
156773665364   10155398551410365
156773665364   10155400018135365
156773665364   10155402082460365
156773665364   10155402457595365
156773665364   10155403116620365
156773665364   10155408915005365
156773665364   10155412089710365
156773665364   10155412386710365
156773665364   10155412734085365
156773665364   10155412794970365
156773665364   10155415728295365
156773665364   10155416252430365
156773665364   10155418875785365
156773665364   10155419150430365
156773665364   10155419438085365
156773665364   10155419899630365
156773665364   10155422306910365
156773665364   10155422555840365
156773665364   10155423109990365
156773665364   10155425401545365
156773665364   10155426127400365
156773665364   10155435925060365
156773665364   10155436198325365
156773665364   10155437045650365
156773665364   10155439386180365
156773665364   10155439933495365
156773665364   10155440046810365
156773665364   10155444519450365
156773665364   10155445054820365
156773665364   10155445404935365
156773665364   10155445918470365
156773665364   10155446291780365
156773665364   10155449881860365
156773665364   10155450303135365
156773665364   10155450390760365
156773665364   10155450393395365
156773665364   10155451028580365
156773665364   10155451158955365
156773665364   10155451181675365
156773665364   10155453763250365
156773665364   10155454271240365
156773665364   10155474186755365
156773665364   10155475776750365
156773665364   10155478523080365
156773665364   10155479437970365
156773665364   10155482159220365
156773665364   10155482965440365
156773665364   10155492688385365
156773665364   10155492901960365
156773665364   10155493115910365
156773665364   10155496305860365
156773665364   10155497028155365
156773665364   10155500242515365
156773665364   10155500711025365
156773665364   10155503462675365
156773665364   10155504331775365
156773665364   10155509738905365
156773665364   10155510106605365
156773665364   10155520452620365
156773665364   10155520779075365
156773665364   10155521295575365
156773665364   10155523371355365
156773665364   10155524664345365
156773665364   10155527835705365
156773665364   10155532398570365
156773665364   10155532504910365
156773665364   10155535142450365
156773665364   10155535771860365
156773665364   10155536149350365
156773665364   10155546018920365
156773665364   10155549777175365
156773665364   10155553358860365
156773665364   10155557004415365
156773665364   10155557131185365
156773665364   10155558225885365
156773665364   10155560535770365
156773665364   10155561073000365
156773665364   10155561221555365
156773665364   10155569477080365
156773665364   10155569877485365
156773665364   10155570312010365
156773665364   10155572522495365
156773665364   10155573205300365
156773665364   10155573210965365
156773665364   10155575686695365
156773665364   10155578166950365
156773665364   10155581417180365
156773665364   10155581857505365
156773665364   10155592967555365
156773665364   10155593335330365
156773665364   10155593512630365
156773665364   10155595596305365
156773665364   10155595848815365
156773665364   10155596318980365
156773665364   10155598726435365
156773665364   10155599857070365
156773665364   10155601696845365
156773665364   10155602327945365
156773665364   10155602653725365
156773665364   10155605221845365
156773665364   10155614548130365
156773665364   10155617279300365
156773665364   10155618208820365
156773665364   10155620791850365
156773665364   10155624370950365
156773665364   10155624732870365
156773665364   10155624981450365
156773665364   10155625131605365
156773665364   10155627833685365
156773665364   10155628019340365
156773665364   10155628206750365
156773665364   10155628674475365
156773665364   10155636473030365
156773665364   10155636650120365
156773665364   10155637175320365
156773665364   10155637386650365
156773665364   10155643186720365
156773665364   10155646075895365
156773665364   10155646552640365
156773665364   10155646625610365
156773665364   10155646850125365
156773665364   10155647081245365
156773665364   10155650807240365
156773665364   10155660752835365
156773665364   10155661148410365
156773665364   10155664436350365
156773665364   10155665030050365
156773665364   10155665505360365
156773665364   10155669412920365
156773665364   10155673408750365
156773665364   10155673892840365
156773665364   10155677220540365
156773665364   10155692862440365
156773665364   10155693139000365
156773665364   10155696958020365
156773665364   10155697284825365
156773665364   10155700517205365
156773665364   10155700961080365
156773665364   10155704904840365
156773665364   10155715932275365
156773665364   10155716009615365
156773665364   10155718920105365
156773665364   10155719128480365
156773665364   10155720029075365
156773665364   10155722657900365
156773665364   10155722793440365
156773665364   10155729142480365
156773665364   10155729486360365
156773665364   10155729712965365
156773665364   10155730194640365
156773665364   10155739030060365
156773665364   10155739291675365
156773665364   10155739571545365
156773665364   10155742517335365
156773665364   10155743144105365
156773665364   10155747156910365
156773665364   10155750773420365
156773665364   10155753792390365
156773665364   10155754116305365
156773665364   10155764131665365
156773665364   10155764442170365
156773665364   10155766953320365
156773665364   10155767246145365
156773665364   10155770580110365
156773665364   10155771071845365
156773665364   10155773724830365
156773665364   10155774157920365
156773665364   10155776058220365
156773665364   10155776591150365
157498561351   10154688039721352
157498561351   10154689682386352
157498561351   10154695237151352
157498561351   10154701011851352
157498561351   10154772569001352
157498561351   10154779368671352
157498561351   10154781069821352
157498561351   10154784236826352
157498561351   10154784244771352
157498561351   10154784598846352
157498561351   10154784859166352
157498561351   10154803709526352
157498561351   10154811634636352
157498561351   10154821089536352
157498561351   10154824553566352
157498561351   10154824599061352
157498561351   10154855279656352
157498561351   10154860853911352
157498561351   10154877426046352
157498561351   10154879471641352
157498561351   10154880625041352
157498561351   10154893112211352
157498561351   10154893798921352
157498561351   10154901131101352
157498561351   10154909521896352
157498561351   10154915399001352
157498561351   10154917945031352
157498561351   10154918717321352
157498561351   10154920797666352
157498561351   10154921236331352
157498561351   10154921631911352
157498561351   10154929768096352
157498561351   10154932395711352
157498561351   10154939614066352
157498561351   10154940289126352
157498561351   10154940309566352
157498561351   10154947736826352
157498561351   10154951492201352
157498561351   10154954297181352
157498561351   10154954843241352
157498561351   10154954864191352
157498561351   10154957174416352
157498561351   10154958508471352
157498561351   10154961860271352
157498561351   10154971459416352
157498561351   10154981788926352
157498561351   10154995559146352
157498561351   10155011023311352
157498561351   10155026692306352
157498561351   10155029910401352
157498561351   10155029950186352
157498561351   10155030056121352
157498561351   10155030173166352
157498561351   10155040723611352
157498561351   10155057829286352
157498561351   10155058456201352
157498561351   10155066573366352
157498561351   10155104859576352
157498561351   10155105668986352
157498561351   10155107866316352
157498561351   10155110520131352
157498561351   10155110593161352
157498561351   10155143653881352
157498561351   10155146892361352
157498561351   10155154609046352
157498561351   10155170968486352
157498561351   10155192857851352
157498561351   10155201713891352
157498561351   10155201714961352
157498561351   10155212109886352
157498561351   10155226391331352
157498561351   10155227381076352
157498561351   10155227404446352
157498561351   10155237928261352
157498561351   10155239086301352
157498561351   10155239245536352
157498561351   10155245609046352
157498561351   10155253175646352
157498561351   10155314564911352
157498561351   10155321728226352
157498561351   10155336910366352
157498561351   10155338748046352
157498561351   10155342260546352
157498561351   10155344430216352
157498561351   10155345371858735
157498561351   10155348551308735
157498561351   10155352879666352
157498561351   10155356148421352
157498561351   10155371894496352
157498561351   10155371906331352
157498561351   10155371920141352
157498561351   10155372463031352
157498561351   10155372543896352
157498561351   10155374588671352
157498561351   10155374926331352
157498561351   10155386463488735
157498561351   10155386496003735
157498561351   10155389400918735
157498561351   10155390003868735
157498561351   10155437689321352
157498561351   10155440623616352
157498561351   10155440915396352
157498561351   10155447440133735
157498561351   10155458397811352
157498561351   10155467776061352
157498561351   10155467901571352
157498561351   10155467951166352
157498561351   10155489610561352
157498561351   10155494549513735
157498561351   10155550790253735
157498561351   10155583610673735
157498561351   10155586497473735
157498561351   10155587303558735
157498561351   10155655781383735
157498561351   10155690914338735
157498561351   10155718826658735
157498561351   10209861101545344
157498561351   10210848767187849
157498561351   10210848838909642
157498561351   10210848945312302
157498561351   10211204216513860
157498561351   10211205405703589
157498561351   161629137735914
157580850923712   1044036965726501
157580850923712   1075118999284964
157580850923712   1083942868402577
157580850923712   1085177054945825
157580850923712   1098584066938457
157580850923712   1530191653662618
157580850923712   1530192123662571
157580850923712   1531230170225433
157580850923712   1531544953527288
157580850923712   1531581350190315
157580850923712   1533336993348084
157580850923712   1533895766625540
157580850923712   1536329003048883
157580850923712   1536335119714938
157580850923712   1537086902973093
157580850923712   1538463159502134
157580850923712   1539240276091089
157580850923712   1544626322219151
157580850923712   1546249375390179
157580850923712   1553000611381722
157580850923712   1553001914714925
157580850923712   1554161171265666
157580850923712   1554962364518880
157580850923712   1557105204304596
157580850923712   1560616390620144
157580850923712   1560617697286680
157580850923712   1561977997150650
157580850923712   1562390310442752
157580850923712   1562603007088149
157580850923712   1564726053542511
157580850923712   1566400010041782
157580850923712   1568750813140035
157580850923712   1570126646335785
157580850923712   1570301889651594
157580850923712   1573999572615159
157580850923712   1575554512459665
157580850923712   1575557569126026
157580850923712   1577012458980537
157580850923712   1577833175565132
157580850923712   1581921848489598
157580850923712   1583914058290377
157580850923712   1584478538233929
157580850923712   1585407448141038
157580850923712   1587169861298130
157580850923712   1591355484212901
157580850923712   1592357080779408
157580850923712   1594228927258890
157580850923712   1596802313668218
157580850923712   1596829356998847
157580850923712   1598946510120465
157580850923712   1602087903139659
157580850923712   1606345069380609
157580850923712   1607184159296700
157580850923712   1607184432630006
157580850923712   1609900089025107
157580850923712   1613210318694084
157580850923712   1614544228560693
157580850923712   1615206168494499
157580850923712   1620559257959190
157580850923712   1623217371026712
157580850923712   1623225147692601
157580850923712   1624807167534399
157580850923712   1626605954021187
157580850923712   1627455213936261
157580850923712   1630444773637305
157580850923712   1633024720045977
157580850923712   1633070806708035
157580850923712   1633667086648407
157580850923712   1634711473210635
157580850923712   1636712086343907
157580850923712   1642079675807148
157580850923712   1643006145714501
157580850923712   1643396159008833
157580850923712   1647126758635773
157580850923712   1649466601735122
157580850923712   1653398464675269
157580850923712   1654312681250514
157580850923712   1654333571248425
157580850923712   1658171204197995
157580850923712   1662705813744534
157580850923712   1662709617077487
157580850923712   1663452080336574
157580850923712   1663991096949339
157580850923712   1670589959622786
157580850923712   1670594742955641
157580850923712   1671638159517966
157580850923712   1672517169430065
157580850923712   1673069789374803
157580850923712   1673467836001665
157580850923712   1676794582335657
157580850923712   1679043572110758
157580850923712   1679140212101094
157580850923712   1679608202054295
157580850923712   1679665435381905
157580850923712   1680176078664174
157580850923712   1682427601772355
157580850923712   1682429158438866
157580850923712   1686777498004032
157580850923712   1686783261336789
157580850923712   1688312814517167
157580850923712   1688337221181393
157580850923712   1690189737662808
157580850923712   1694495787232203
157580850923712   1694515830563532
157580850923712   1694704557211326
157580850923712   1694822587199523
157580850923712   1694855927196189
157580850923712   1695683263780122
157580850923712   1697841153564333
157580850923712   1698918186789963
157580850923712   1700437239971391
157580850923712   1701022346579547
157580850923712   1701621949852920
157580850923712   1702136683134780
157580850923712   1703188859696229
157580850923712   1705602286121553
157580850923712   1708383492510099
157580850923712   1710892005592581
157580850923712   1710925382255910
157580850923712   1711470665534715
157580850923712   1712276042120844
157580850923712   1720060268009088
157580850923712   1720077898007325
157580850923712   1721357034546078
157580850923712   1723322844349497
157580850923712   1724150737600041
157580850923712   1727948780553570
157580850923712   1728630623818719
157580850923712   1729763567038758
157580850923712   1730107483671033
157580850923712   1730119987003116
157580850923712   1730957200252728
157580850923712   1732234593458322
157580850923712   1733452600003188
157580850923712   1736033289745119
157580850923712   1737003652981416
157580850923712   1738745966140518
157580850923712   1740187445996370
157580850923712   1741567175858397
157580850923712   1745422705472844
157580850923712   1746718288676619
157580850923712   1746738328674615
157580850923712   1746813242000457
157580850923712   1746922361989545
157580850923712   1747422195272895
157580850923712   1748598438488604
157580850923712   1755040671177714
157580850923712   1756832164331898
157580850923712   1756993274315787
157580850923712   1758250004190114
157580850923712   1760586947289753
157580850923712   1764115863603528
157580850923712   1764173316931116
157580850923712   1765256083489506
157580850923712   1767957866552661
157580850923712   1772849156063532
157580850923712   1772855789396202
157580850923712   1772932586055189
157580850923712   1773287519353029
157580850923712   1774157269266054
157580850923712   1774371702577944
157580850923712   1775315822483532
157580850923712   1777891572225957
157580850923712   1780838195264628
157580850923712   1781004885247959
157580850923712   1782473111767803
157580850923712   1783253855023062
157580850923712   1788729787808802
157580850923712   1789128997768881
157580850923712   1790815107600270
157580850923712   1798336490181465
157580850923712   1803193663029081
157580850923712   1805303912818056
157580850923712   1805594802788967
157580850923712   1805894362759011
157580850923712   1806165122731935
157580850923712   1807579402590507
157580850923712   1808739379141176
157580850923712   1812227395459041
157580850923712   1812776135404167
157580850923712   1813370378678076
157580850923712   1814451071903340
157580850923712   1815223095159471
157580850923712   1815229891825458
157580850923712   1818426111505836
157580850923712   1820298741318573
157580850923712   1820450854636695
157580850923712   1820808531267594
157580850923712   1821009677914146
157580850923712   1822664527748661
157580850923712   1823530730995374
157580850923712   1827578553923925
157580850923712   1828526533829127
157580850923712   1828709840477463
157580850923712   1830060123675768
157580850923712   1835531609795286
157580850923712   1836608956354218
157580850923712   1837597592922021
157580850923712   1837769952904785
157580850923712   1842499389098508
157580850923712   1842901375724976
157580850923712   1844023225612791
157580850923712   1844053012276479
157580850923712   1845051072176673
159616034235   10155040787519236
159616034235   10155040800679236
159616034235   10155040808564236
159616034235   10155069550209236
159616034235   10155069803939236
159616034235   10155073073734236
159616034235   10155080895339236
159616034235   10155117450964236
159616034235   10155137960839236
159616034235   10155147058099236
159616034235   10155160778524236
159616034235   10155160794264236
159616034235   10155169672469236
159616034235   10155182008769236
159616034235   10155190335099236
159616034235   10155192053234236
159616034235   10155206080424236
159616034235   10155206080864236
159616034235   10155206081054236
159616034235   10155206211429236
159616034235   10155206994784236
159616034235   10155208607379236
159616034235   10155208710174236
159616034235   10155211764649236
159616034235   10155217925969236
159616034235   10155229374934236
159616034235   10155232709874236
159616034235   10155240134069236
159616034235   10155240166349236
159616034235   10155256159454236
159616034235   10155257329159236
