80593611889   10154408505086890
80593611889   10154411595011890
80593611889   10154414930396890
80593611889   10154424240281890
80593611889   10154429155206890
80593611889   10154429165521890
80593611889   10154432131191890
80593611889   10154432142151890
80593611889   10154432535286890
80593611889   10154432540796890
80593611889   10154445317916890
80593611889   10154451627881890
80593611889   10154455706591890
80593611889   10154460078766890
80593611889   10154476379671890
80593611889   10154477039476890
80593611889   10154495198661890
80593611889   10154498809341890
80593611889   10154509849126890
80593611889   10154532217686890
80593611889   10154532219701890
80593611889   10154532254156890
80593611889   10154540221661890
80593611889   10154545701046890
80593611889   10154545702876890
80593611889   10154567670246890
80593611889   10154585600171890
80593611889   10154588706726890
80593611889   10154588971116890
80593611889   10154599731171890
80593611889   10154599738416890
80593611889   10154605354016890
80593611889   10154624817766890
80593611889   10154625638496890
80593611889   10154643099916890
80593611889   10154643324641890
80593611889   10154655010556890
80593611889   10154655015041890
80593611889   10154656083121890
80593611889   10154679090771890
80593611889   10154692507146890
80593611889   10154694030881890
80593611889   10154697125196890
80593611889   10154697253551890
80593611889   10154703549796890
80593611889   10154712644771890
80593611889   10154713392396890
80593611889   10154719740586890
80593611889   10154719880626890
80593611889   10154720094646890
80593611889   10154738545081890
80593611889   10154743274576890
80593611889   10154747445061890
8103318119   10155017056748120
8103318119   10155069229458120
8103318119   10155070222203120
8103318119   10155094126553120
8103318119   10155106440438120
8103318119   10155117192723120
8103318119   10155135288823120
8103318119   10155140459733120
8103318119   10155150088708120
8103318119   10155154693268120
8103318119   10155162420138120
8103318119   10155181594303120
8103318119   10155185589268120
8103318119   10155228720598120
8103318119   10155229624858120
8103318119   10155236973013120
8103318119   10155247406473120
8103318119   10155250568988120
8103318119   10155253934783120
8103318119   10155256645763120
8103318119   10155260155448120
8103318119   10155261740618120
8103318119   10155269616323120
8103318119   10155277717093120
8103318119   10155279213443120
8103318119   10155284252693120
8103318119   10155300110928120
8103318119   10155301356798120
8103318119   10155301362983120
8103318119   10155307631933120
8103318119   10155320490253120
8103318119   10155330392163120
8103318119   10155334448118120
8103318119   10155338767693120
8103318119   10155342879808120
8103318119   10155347448458120
8103318119   10155349636313120
8103318119   10155354778938120
8103318119   10155376067188120
8103318119   10155393590163120
8103318119   10155394171363120
8103318119   10155398381398120
8103318119   10155403098798120
8103318119   10155413269448120
8103318119   10155420646698120
8103318119   10155440671993120
8103318119   10155448675518120
8103318119   10155456911298120
8103318119   10155461379748120
8103318119   10155464986463120
8103318119   10155468612848120
8103318119   10155476234293120
8103318119   10155493493548120
8103318119   10155493632883120
8103318119   10155493671243120
8103318119   10155516091913120
8103318119   10155519490948120
8103318119   10155522000838120
8103318119   10155532943043120
8103318119   10155539232528120
8103318119   10155544348478120
8103318119   10155560165868120
8103318119   10155563331413120
8103318119   10155564626688120
8103318119   10155568200108120
8103318119   10155569322683120
8103318119   10155577420668120
8103318119   10155584497578120
8103318119   10155587866893120
8103318119   10155587974898120
8103318119   10155594747248120
8103318119   10155608957978120
8103318119   10155617508993120
8103318119   10155621384928120
8103318119   10155633280988120
8103318119   10155645583748120
8103318119   10155646368373120
8103318119   10155649522498120
8103318119   10155661110533120
8103318119   10155665054258120
8103318119   10155672130353120
8103318119   10155678496293120
8103318119   10155687913678120
8103318119   10155691908673120
8103318119   10155699655028120
8103318119   10155720284553120
8103318119   10155721624798120
8103318119   10155728428898120
8103318119   10155746656743120
8103318119   10155746945873120
8103318119   10155759168148120
8103318119   10155762738788120
8103318119   10155765473923120
8103318119   10155765563543120
8103318119   10155786488753120
8103318119   10155788658278120
8103318119   10155812879463120
8103318119   10155815454878120
8103318119   10155821918588120
8103318119   10155824584753120
8103318119   10155827333143120
8103318119   10155834889728120
8103318119   10155845269763120
8103318119   10155854426483120
8103318119   10155861823983120
8103318119   10155864116218120
8103318119   10155864732998120
8103318119   10155870658173120
8103318119   10155871376913120
8103318119   10155873192798120
8103318119   10155873646613120
8103318119   10155885780028120
8103318119   10155908331318120
8103318119   10155918159033120
81828647162   10153196564807163
81828647162   10153991724002163
81828647162   10153991727727163
81828647162   10154004871602163
81828647162   10154005595987163
81828647162   10154006199247163
81828647162   10154009607497163
81828647162   10154009692117163
81828647162   10154011931672163
81828647162   10154014235142163
81828647162   10154014735177163
81828647162   10154014735187163
81828647162   10154016595592163
81828647162   10154018770942163
81828647162   10154021076607163
81828647162   10154021627677163
81828647162   10154022239782163
81828647162   10154023880572163
81828647162   10154024478827163
81828647162   10154025556977163
81828647162   10154026031782163
81828647162   10154026706862163
81828647162   10154027850957163
81828647162   10154031831827163
81828647162   10154032453957163
81828647162   10154032644482163
81828647162   10154033485482163
81828647162   10154034662347163
81828647162   10154035000487163
81828647162   10154035132432163
81828647162   10154037103737163
81828647162   10154037903432163
81828647162   10154038602007163
81828647162   10154039643397163
81828647162   10154040151467163
81828647162   10154040555212163
81828647162   10154041137272163
81828647162   10154042319067163
81828647162   10154042849272163
81828647162   10154043154222163
81828647162   10154043181757163
81828647162   10154043544362163
81828647162   10154044625082163
81828647162   10154046938867163
81828647162   10154047142322163
81828647162   10154047653252163
81828647162   10154049273267163
81828647162   10154049318312163
81828647162   10154049688382163
81828647162   10154049871942163
81828647162   10154050966512163
81828647162   10154051079107163
81828647162   10154052685187163
81828647162   10154054784792163
81828647162   10154055182277163
81828647162   10154055462262163
81828647162   10154056391902163
81828647162   10154058373407163
81828647162   10154059548252163
81828647162   10154060957822163
81828647162   10154064914107163
81828647162   10154065687132163
81828647162   10154065800377163
81828647162   10154066646647163
81828647162   10154069419497163
81828647162   10154070823907163
81828647162   10154072086142163
81828647162   10154073139257163
81828647162   10154073229942163
81828647162   10154073245377163
81828647162   10154074481932163
81828647162   10154074487272163
81828647162   10154074506957163
81828647162   10154076640042163
81828647162   10154076953297163
81828647162   10154081486197163
81828647162   10154082092542163
81828647162   10154082248422163
81828647162   10154082256852163
81828647162   10154083717712163
81828647162   10154084050067163
81828647162   10154084425077163
81828647162   10154085201817163
81828647162   10154086421272163
81828647162   10154087332842163
81828647162   10154089898647163
81828647162   10154090375352163
81828647162   10154093744752163
81828647162   10154094994112163
81828647162   10154097209132163
81828647162   10154097682817163
81828647162   10154098581082163
81828647162   10154101084717163
81828647162   10154102067197163
81828647162   10154102248282163
81828647162   10154102605732163
81828647162   10154103665827163
81828647162   10154105091412163
81828647162   10154105382652163
81828647162   10154106233522163
81828647162   10154107401547163
81828647162   10154107459587163
81828647162   10154107649742163
81828647162   10154107695952163
81828647162   10154107744542163
81828647162   10154109505042163
81828647162   10154109908312163
81828647162   10154110545917163
81828647162   10154111748912163
81828647162   10154112193407163
81828647162   10154114932842163
81828647162   10154117062237163
81828647162   10154117100052163
81828647162   10154118080517163
81828647162   10154118201917163
81828647162   10154118346537163
81828647162   10154118879927163
81828647162   10154120190692163
81828647162   10154120529577163
81828647162   10154121019692163
81828647162   10154124252977163
81828647162   10154125320977163
81828647162   10154127461137163
81828647162   10154128361922163
81828647162   10154128739757163
81828647162   10154133859687163
81828647162   10154135034632163
81828647162   10154135964937163
81828647162   10154137200292163
81828647162   10154139338322163
81828647162   10154139611617163
81828647162   10154140282617163
81828647162   10154141246702163
81828647162   10154141721882163
81828647162   10154147145662163
81828647162   10154149180097163
81828647162   10154150047192163
81828647162   10154150596122163
81828647162   10154153184017163
81828647162   10154154574817163
81828647162   10154154853602163
81828647162   10154154967762163
81828647162   10154156965492163
81828647162   10154157200362163
81828647162   10154159836867163
81828647162   10154160140722163
81828647162   10154162202922163
81828647162   10154162718332163
81828647162   10154163739517163
81828647162   10154164568722163
81828647162   10154165023652163
81828647162   10154166228212163
81828647162   10154167306392163
81828647162   10154168192107163
81828647162   10154169843252163
81828647162   10154170153117163
81828647162   10154170669487163
81828647162   10154171382937163
81828647162   10154173053752163
81828647162   10154173127002163
81828647162   10154173261367163
81828647162   10154178862872163
81828647162   10154179129682163
81828647162   10154181525212163
81828647162   10154182211962163
81828647162   10154183824297163
81828647162   10154184605122163
81828647162   10154185735707163
81828647162   10154186699647163
81828647162   10154186781612163
81828647162   10154187583467163
81828647162   10154187733832163
81828647162   10154189247757163
81828647162   10154189539652163
81828647162   10154189773712163
81828647162   10154191941237163
81828647162   10154192168282163
81828647162   10154192261467163
81828647162   10154192269702163
81828647162   10154193008362163
81828647162   10154194182177163
81828647162   10154194513112163
81828647162   10154195414822163
81828647162   10154196780502163
81828647162   10154197069607163
81828647162   10154199671787163
81828647162   10154201897522163
81828647162   10154202091842163
81828647162   10154202287797163
81828647162   10154202648292163
81828647162   10154202836282163
81828647162   10154206469397163
81828647162   10154206568167163
81828647162   10154207832837163
81828647162   10154209301622163
81828647162   10154209571587163
81828647162   10154209799227163
81828647162   10154210684897163
81828647162   10154212113102163
81828647162   10154212316987163
81828647162   10154214388362163
81828647162   10154216698282163
81828647162   10154218040047163
81828647162   10154219770882163
81828647162   10154221798737163
81828647162   10154221852007163
81828647162   10154222084437163
81828647162   10154223946107163
81828647162   10154224079847163
81828647162   10154225086312163
81828647162   10154226320147163
81828647162   10154226447837163
81828647162   10154228696987163
81828647162   10154230594632163
81828647162   10154230994647163
81828647162   10154233219292163
81828647162   10154235352197163
81828647162   10154235575012163
81828647162   10154235801327163
81828647162   10154237766887163
81828647162   10154238068127163
81828647162   10154238853037163
81828647162   10154240060912163
81828647162   10154240291462163
81828647162   10154240710642163
81828647162   10154242915392163
81828647162   10154243281027163
81828647162   10154247606727163
81828647162   10154249281067163
81828647162   10154249281097163
81828647162   10154252358377163
81828647162   10154256868652163
81828647162   10154258548467163
81828647162   10154258548632163
81828647162   10154264372482163
81828647162   10154264712102163
81828647162   10154264786217163
81828647162   10154267353652163
81828647162   10154267781237163
81828647162   10154271577417163
81828647162   10154272925862163
81828647162   10154275571482163
81828647162   10154277799782163
81828647162   10154279486377163
81828647162   10154280352722163
81828647162   10154280949067163
81828647162   10154280978447163
81828647162   10154282015162163
81828647162   10154282213237163
81828647162   10154282247337163
81828647162   10154282254652163
81828647162   10154282546822163
81828647162   10154282801697163
81828647162   10154283056187163
81828647162   10154283406842163
81828647162   10154284602357163
81828647162   10154285008207163
81828647162   10154285109652163
81828647162   10154287461112163
81828647162   10154287752582163
81828647162   10154288653177163
81828647162   10154288727207163
81828647162   10154290445422163
81828647162   10154292454137163
81828647162   10154295397872163
81828647162   10154295697642163
81828647162   10154296306212163
81828647162   10154297959187163
81828647162   10154298687412163
81828647162   10154299771172163
81828647162   10154299835882163
81828647162   10154299839232163
81828647162   10154299875552163
81828647162   10154300400917163
81828647162   10154300517622163
81828647162   10154302122127163
81828647162   10154302150912163
81828647162   10154302584722163
81828647162   10154304757542163
81828647162   10154304942177163
81828647162   10154305004382163
81828647162   10154307203817163
81828647162   10154307480197163
81828647162   10154307794827163
81828647162   10154308357462163
81828647162   10154312555837163
81828647162   10154313153227163
81828647162   10154314785347163
81828647162   10154315017102163
81828647162   10154315172167163
81828647162   10154315179117163
81828647162   10154317294327163
81828647162   10154317514162163
81828647162   10154318274167163
81828647162   10154319702837163
81828647162   10154320083447163
81828647162   10154322044137163
81828647162   10154322301887163
81828647162   10154323284222163
81828647162   10154324406172163
81828647162   10154324406227163
81828647162   10154324802067163
81828647162   10154324969777163
81828647162   10154325690582163
81828647162   10154326632782163
81828647162   10154327066697163
81828647162   10154329123557163
81828647162   10154329738422163
81828647162   10154330382512163
81828647162   10154331854832163
81828647162   10154332054827163
81828647162   10154334406512163
81828647162   10154334667817163
81828647162   10154335079157163
81828647162   10154335675117163
81828647162   10154337307647163
81828647162   10154337434412163
81828647162   10154337683357163
81828647162   10154337976512163
81828647162   10154338805267163
81828647162   10154340531392163
81828647162   10154341104952163
81828647162   10154341700372163
81828647162   10154343218202163
81828647162   10154343817647163
81828647162   10154345752652163
81828647162   10154346261232163
81828647162   10154348137737163
81828647162   10154349697127163
81828647162   10154350937587163
81828647162   10154352197362163
81828647162   10154352245867163
81828647162   10154353439382163
81828647162   10154355264077163
81828647162   10154355428652163
81828647162   10154356904157163
81828647162   10154357133037163
81828647162   10154357514207163
81828647162   10154357855937163
81828647162   10154359464462163
81828647162   10154360391872163
81828647162   10154361810752163
81828647162   10154362296837163
81828647162   10154365003732163
81828647162   10154367314217163
81828647162   10154368514057163
81828647162   10154370213467163
81828647162   10154370418887163
81828647162   10154371205562163
81828647162   10154372647137163
81828647162   10154373893602163
81828647162   10154374549402163
81828647162   10154375166142163
81828647162   10154375204537163
81828647162   10154375452632163
81828647162   10154377611432163
81828647162   10154377966482163
81828647162   10154378835332163
81828647162   10154378958607163
81828647162   10154380057927163
81828647162   10154380537212163
81828647162   10154382957082163
81828647162   10154383396577163
81828647162   10154385506147163
81828647162   10154386575127163
81828647162   10154387773722163
81828647162   10154388201867163
81828647162   10154388487437163
81828647162   10154390581707163
81828647162   10154390683632163
81828647162   10154390910357163
81828647162   10154390996142163
81828647162   10154393334042163
81828647162   10154393469087163
81828647162   10154393590092163
81828647162   10154395981097163
81828647162   10154396377707163
81828647162   10154396866902163
81828647162   10154398282992163
81828647162   10154398848672163
81828647162   10154401010437163
81828647162   10154401069202163
81828647162   10154401627552163
81828647162   10154401771097163
81828647162   10154401776122163
81828647162   10154403777792163
81828647162   10154403843792163
81828647162   10154404147717163
81828647162   10154404179052163
81828647162   10154404276912163
81828647162   10154404447172163
81828647162   10154405294562163
81828647162   10154405392222163
81828647162   10154405401032163
81828647162   10154407158107163
81828647162   10154407162947163
81828647162   10154407426007163
81828647162   10154408282907163
81828647162   10154409507832163
81828647162   10154410102382163
81828647162   10154410210867163
81828647162   10154410211007163
81828647162   10154410578187163
81828647162   10154411112287163
81828647162   10154412165542163
81828647162   10154412779502163
81828647162   10154413434652163
81828647162   10154415421832163
81828647162   10154415863097163
81828647162   10154416110537163
81828647162   10154417305337163
81828647162   10154418766322163
81828647162   10154418833472163
81828647162   10154421472137163
81828647162   10154422334562163
81828647162   10154423546247163
81828647162   10154423934737163
81828647162   10154424982557163
81828647162   10154426262532163
81828647162   10154426315997163
81828647162   10154426418297163
81828647162   10154426820937163
81828647162   10154428663982163
81828647162   10154428838892163
81828647162   10154429017257163
81828647162   10154429295532163
81828647162   10154429973297163
81828647162   10154431645382163
81828647162   10154434450072163
81828647162   10154435676612163
81828647162   10154437563877163
81828647162   10154440040852163
81828647162   10154442146852163
81828647162   10154442404907163
81828647162   10154443909877163
81828647162   10154445272552163
81828647162   10154445711367163
81828647162   10154447688682163
81828647162   10154448033972163
81828647162   10154450327907163
81828647162   10154450689247163
81828647162   10154450773072163
81828647162   10154451006792163
81828647162   10154451405212163
81828647162   10154453438667163
81828647162   10154456428027163
81828647162   10154461937927163
81828647162   10154462879752163
81828647162   10154464762292163
81828647162   10154466739467163
81828647162   10154466861667163
81828647162   10154470539382163
81828647162   10154470867367163
81828647162   10154477097672163
81828647162   10154477851652163
81828647162   10154485884322163
81828647162   10154487448472163
81828647162   10154491713532163
81828647162   10154494454142163
81828647162   10154497886697163
81828647162   10154498651387163
81828647162   10154500806207163
81828647162   10154506902712163
81828647162   10154508378467163
81828647162   10154510274652163
81828647162   10154510536292163
81828647162   10154511246442163
81828647162   10154512525942163
81828647162   10154512775362163
81828647162   10154513291382163
81828647162   10154515759117163
81828647162   10154516184237163
81828647162   10154518661247163
81828647162   10154520668632163
81828647162   10154522252172163
81828647162   10154522927882163
81828647162   10154526327482163
81828647162   10154526978092163
81828647162   10154529451492163
81828647162   10154530823577163
81828647162   10154532791202163
81828647162   10154532917652163
81828647162   10154533623242163
81828647162   10154535620362163
81828647162   10154538787267163
81828647162   10154542479397163
81828647162   10154544559477163
81828647162   10154551564112163
81828647162   10154557303352163
81828647162   10154559641702163
81828647162   10154563094132163
81828647162   10154563858927163
81828647162   10154565362247163
81828647162   10154567862882163
81828647162   10154568128577163
81828647162   10154570190062163
81828647162   10154571299332163
81828647162   10154571377687163
81828647162   10154575035912163
81828647162   10154577007932163
81828647162   10154579788462163
81828647162   10154582095067163
81828647162   10154587871557163
81828647162   10154589801787163
81828647162   10154591761132163
81828647162   10154592363257163
81828647162   10154595091022163
81828647162   10154597902122163
81828647162   10154600277572163
81828647162   10154605820717163
81828647162   10154607647837163
81828647162   10154607739772163
81828647162   10154609334067163
81828647162   10154609677937163
81828647162   10154613385307163
81828647162   10154615034472163
81828647162   10154617071162163
81828647162   10154617123472163
81828647162   10154623908182163
81828647162   10154624081382163
81828647162   10154624589172163
81828647162   10154624790027163
81828647162   10154624955167163
81828647162   10154626305807163
81828647162   10154626664202163
81828647162   10154628786322163
81828647162   10154629133277163
81828647162   10154631302937163
81828647162   10154631698292163
81828647162   10154634010127163
81828647162   10154639808302163
81828647162   10154640802947163
81828647162   10154640805777163
81828647162   10154643202467163
81828647162   10154645912547163
81828647162   10154648182432163
81828647162   10154651524892163
81828647162   10154652439417163
81828647162   10154657727667163
81828647162   10154658491132163
81828647162   10154659699452163
81828647162   10154662121532163
81828647162   10154662378277163
81828647162   10154662855877163
81828647162   10154664410152163
81828647162   10154664759127163
81828647162   10154664949287163
81828647162   10154666730887163
81828647162   10154666996082163
81828647162   10154668091047163
81828647162   10154669563627163
81828647162   10154669802702163
81828647162   10154674272242163
81828647162   10154674418452163
81828647162   10154675410137163
81828647162   10154676273747163
81828647162   10154678363722163
81828647162   10154678452122163
81828647162   10154678630507163
81828647162   10154680812977163
81828647162   10154680858302163
81828647162   10154682820032163
81828647162   10154683027662163
81828647162   10154687189847163
81828647162   10154688234652163
81828647162   10154689091767163
81828647162   10154689537227163
81828647162   10154689657457163
81828647162   10154689925327163
81828647162   10154690205927163
81828647162   10154690490522163
81828647162   10154691575657163
81828647162   10154691667632163
81828647162   10154692275547163
81828647162   10154694214597163
81828647162   10154694215132163
81828647162   10154694238622163
81828647162   10154695769957163
81828647162   10154695770022163
81828647162   10154696143632163
81828647162   10154697346447163
81828647162   10154699073292163
81828647162   10154702484612163
81828647162   10154702808387163
81828647162   10154704696277163
81828647162   10154706726832163
81828647162   10154707459007163
81828647162   10154708140717163
81828647162   10154709360257163
81828647162   10154709982872163
81828647162   10154710398237163
81828647162   10154711311207163
81828647162   10154711867527163
81828647162   10154711896427163
81828647162   10154715533702163
81828647162   10154715927377163
81828647162   10154717824612163
81828647162   10154720332857163
81828647162   1683461758623851
81862836665   10153988455336666
81862836665   10153996288861666
81862836665   10154012594131666
81862836665   10154024487846666
81862836665   10154031482651666
81862836665   10154031725051666
81862836665   10154034008196666
81862836665   10154034024726666
81862836665   10154034061171666
81862836665   10154042278591666
81862836665   10154050030121666
81862836665   10154061472591666
81862836665   10154061508621666
81862836665   10154061571666666
81862836665   10154070868311666
81862836665   10154073381071666
81862836665   10154073484546666
81862836665   10154084976121666
81862836665   10154088211226666
81862836665   10154090990181666
81862836665   10154093527421666
81862836665   10154093530496666
81862836665   10154101557131666
81862836665   10154105619476666
81862836665   10154117719741666
81862836665   10154122951811666
81862836665   10154122960086666
81862836665   10154140100361666
81862836665   10154140132591666
81862836665   10154140167171666
81862836665   10154140547021666
81862836665   10154143103671666
81862836665   10154147343206666
81862836665   10154147348796666
81862836665   10154148184926666
81862836665   10154155142821666
81862836665   10154157063236666
81862836665   10154157075101666
81862836665   10154173228906666
81862836665   10154175980626666
81862836665   10154176307531666
81862836665   10154178860161666
81862836665   10154182621036666
81862836665   10154182671351666
81862836665   10154197630571666
81862836665   10154197686461666
81862836665   10154201294016666
81862836665   10154208000066666
81862836665   10154215207866666
81862836665   10154215547891666
81862836665   10154215564651666
81862836665   10154217692121666
81862836665   10154223776166666
81862836665   10154227611951666
81862836665   10154228207361666
81862836665   10154228330336666
81862836665   10154238047426666
81862836665   10154238329266666
81862836665   10154238335476666
81862836665   10154245713256666
81862836665   10154245717206666
81862836665   10154245736811666
81862836665   10154255764576666
81862836665   10154261703071666
81862836665   10154273396336666
81862836665   10154273627126666
81862836665   10154281750791666
81862836665   10154285381121666
81862836665   10154294619266666
81862836665   10154313011841666
81862836665   10154313160606666
81862836665   10154336892951666
81862836665   10154421730591666
81862836665   10154431295956666
81862836665   10154434624746666
81862836665   10154454148691666
81862836665   10154473491146666
81862836665   10154473544656666
81862836665   10154473767961666
81862836665   10154474119311666
81862836665   10154479499881666
81862836665   10154491522086666
81862836665   10154493826736666
81862836665   10154497909006666
81862836665   10154500920811666
81862836665   10154504447551666
81862836665   10154514100446666
81862836665   10154514136521666
81862836665   10154520932991666
81862836665   10154520955871666
81862836665   10154521173536666
81862836665   10154521283561666
81862836665   10154536764886666
81862836665   10154539771231666
81862836665   10154542578166666
81862836665   10154545573801666
81862836665   10154545798736666
81862836665   10154559519376666
81862836665   10154559678696666
81862836665   10154560390341666
81862836665   10154563332526666
81862836665   10154566713906666
81862836665   10154572949731666
81862836665   10154583716021666
81862836665   10154584053686666
81862836665   10154586957636666
81862836665   10154587302656666
81862836665   10154587413666666
81862836665   10154587425166666
81862836665   10154590927446666
81862836665   10154594394481666
81862836665   10154604143101666
81862836665   10154604443626666
81862836665   10154607473311666
81862836665   10154609086201666
81862836665   10154609197761666
81862836665   10154614676686666
81862836665   10154626180876666
81862836665   10154626424081666
81862836665   10154626462771666
81862836665   10154628204961666
81862836665   10154630520261666
81862836665   10154630591641666
81862836665   10154630763801666
81862836665   10154631560506666
81862836665   10154633062176666
81862836665   10154633691826666
81862836665   10154641277881666
81862836665   10154644144551666
81862836665   10154645899531666
81862836665   10154647065126666
81862836665   10154647374666666
81862836665   10154651404166666
81862836665   10154651803261666
81862836665   10154652147436666
81862836665   10154652189001666
81862836665   10154652224036666
81862836665   10154652442161666
81862836665   10154652477381666
81862836665   10154659143156666
81862836665   10154665453396666
81862836665   10154666939736666
81862836665   10154667014996666
81862836665   10154677329356666
81862836665   10154677560141666
81862836665   10154682759231666
81862836665   10154685621531666
81862836665   10154685638846666
81862836665   10154686464736666
81862836665   10154688202901666
81862836665   10154699509106666
81862836665   10154702295396666
81862836665   10154702768301666
81862836665   10154706572421666
81862836665   10154706731301666
81862836665   10154706778821666
81862836665   10154706788916666
81862836665   10154707081256666
81862836665   10154719869851666
81862836665   10154723903951666
81862836665   10154724809841666
81862836665   10154732040266666
81862836665   10154736800851666
81862836665   10154739655396666
81862836665   10154740070981666
81862836665   10154751603281666
81862836665   10154753416811666
81862836665   10154753457881666
81862836665   10154756917316666
820882001277849   1445893938776649
820882001277849   1452283264804383
820882001277849   1453324888033554
820882001277849   1462881280411248
820882001277849   1472806942752015
820882001277849   1481600655205977
820882001277849   1486016308097745
820882001277849   1491040497595326
820882001277849   1515876105111765
820882001277849   1526252627407446
820882001277849   1528196210546421
820882001277849   1535437673155608
820882001277849   1550439424988766
820882001277849   1556100554422653
820882001277849   1591891100843598
820882001277849   1595246150508093
820882001277849   1605687259463982
820882001277849   1637442706288437
820882001277849   1646702565362451
820882001277849   1650362248329816
820882001277849   1653572854675422
820882001277849   1656390364393671
820882001277849   1666502910049083
820882001277849   1670984889600885
820882001277849   1678395628859811
820882001277849   1696922120340495
820882001277849   1711510098881697
820882001277849   1712513925447981
820882001277849   1721933471172693
820882001277849   1727306557302051
820882001277849   1729264300439610
820882001277849   1732952253404148
83801536288   10154554411096289
83801536288   10154911329721289
83801536288   10154911332716289
83801536288   10154939447836289
83801536288   10154939451156289
83801536288   10154950260111289
83801536288   10154960580656289
83801536288   10154960584871289
83801536288   10154960591076289
83801536288   10154960600526289
83801536288   10154964469846289
83801536288   10154983556431289
83801536288   10155017663851289
83801536288   10155017809376289
83801536288   10155035446436289
83801536288   10155035450206289
83801536288   10155035455286289
83801536288   10155039134461289
83801536288   10155052733611289
83801536288   10155079037051289
83801536288   10155083331986289
83801536288   10155083337226289
83801536288   10155083344346289
83801536288   10155095233861289
83801536288   10155098567951289
83801536288   10155101459101289
83801536288   10155119665561289
83801536288   10155144092696289
83801536288   10155166256491289
83801536288   10155166260606289
83801536288   10155172240386289
83801536288   10155193879591289
83801536288   10155193883406289
83801536288   10155208493281289
83801536288   10155208559396289
83801536288   10155208581036289
83801536288   10155221904756289
83801536288   10155225095231289
83801536288   10155233379761289
83801536288   10155251758311289
83801536288   10155259640196289
83801536288   10155259718881289
83801536288   10155263006746289
83801536288   10155285036331289
83801536288   10155287174256289
83801536288   10155287178051289
83801536288   10155297008951289
83801536288   10155297036346289
83801536288   10155306294721289
83801536288   10155306298361289
83801536288   10155306798496289
83801536288   10155324831166289
83801536288   10155333621311289
83801536288   10155333894951289
83801536288   10155346507906289
83801536288   10155352554156289
83801536288   10155377511441289
83801536288   10155381555926289
83801536288   10155381564456289
83801536288   10155383611331289
83801536288   10155383621201289
83801536288   10155402033181289
83801536288   10155424620786289
83801536288   10155441337641289
83801536288   10155447899551289
83801536288   10155447906136289
83801536288   10155464261241289
83801536288   10155489328181289
83801536288   10155495791516289
83801536288   10155510010541289
83801536288   10155519680591289
83801536288   10155526716896289
83801536288   10155552174831289
83801536288   10155552217861289
83801536288   10155575694841289
83801536288   10155576007201289
83801536288   10155612161671289
83801536288   10155628326341289
83801536288   10155633444171289
83801536288   10155661072736289
83801536288   10155661083046289
83801536288   10155685458561289
83801536288   10155695954411289
83801536288   10155698705591289
83801536288   10155718825121289
83801536288   10155721286641289
83801536288   10155727731216289
83801536288   10155740713991289
83801536288   10155768251576289
83801536288   10155768308871289
83801536288   10155781678526289
83801536288   10155787412096289
83801536288   10155822898306289
83801536288   10155826306176289
83801536288   10155833083746289
8389383510   10154273143128511
8389383510   10154275073268511
8389383510   10154277384238511
8389383510   10154277928818511
8389383510   10154279831058511
8389383510   10154280221528511
8389383510   10154292639373511
8389383510   10154292736728511
8389383510   10154295114548511
8389383510   10154299012448511
8389383510   10154312391953511
8389383510   10154317136898511
8389383510   10154317743828511
8389383510   10154319483863511
8389383510   10154319743763511
8389383510   10154319990113511
8389383510   10154328583793511
8389383510   10154333929053511
8389383510   10154334032023511
8389383510   10154336679273511
8389383510   10154342194468511
8389383510   10154342396863511
8389383510   10154342501293511
8389383510   10154342596908511
8389383510   10154342731258511
8389383510   10154344536723511
8389383510   10154352888028511
8389383510   10154354868913511
8389383510   10154355097923511
8389383510   10154355165173511
8389383510   10154355343978511
8389383510   10154355554053511
8389383510   10154358511633511
8389383510   10154358515438511
8389383510   10154358622153511
8389383510   10154358781803511
8389383510   10154358855928511
8389383510   10154358909308511
8389383510   10154360218758511
8389383510   10154360505183511
8389383510   10154360577943511
8389383510   10154360607463511
8389383510   10154360631648511
8389383510   10154363067198511
8389383510   10154363075243511
8389383510   10154368995433511
8389383510   10154370858353511
8389383510   10154371110038511
8389383510   10154373753273511
8389383510   10154378981288511
8389383510   10154379105818511
8389383510   10154386503413511
8389383510   10154388238953511
8389383510   10154388472178511
8389383510   10154388864978511
8389383510   10154389383108511
8389383510   10154391218368511
8389383510   10154391321953511
8389383510   10154391851848511
8389383510   10154395015708511
8389383510   10154395488928511
8389383510   10154395590488511
8389383510   10154395858863511
8389383510   10154395992103511
8389383510   10154396089933511
8389383510   10154396215993511
8389383510   10154398044348511
8389383510   10154398477673511
8389383510   10154398862063511
8389383510   10154399021443511
8389383510   10154399167078511
8389383510   10154399776868511
8389383510   10154401819043511
8389383510   10154401877488511
8389383510   10154401880708511
8389383510   10154402127543511
8389383510   10154403267943511
8389383510   10154406658563511
8389383510   10154406771698511
8389383510   10154409209413511
8389383510   10154409499428511
8389383510   10154409539833511
8389383510   10154410288913511
8389383510   10154411146418511
8389383510   10154411198753511
8389383510   10154411388903511
8389383510   10154412735843511
8389383510   10154413747733511
8389383510   10154414415888511
8389383510   10154416372738511
8389383510   10154416549328511
8389383510   10154416673153511
8389383510   10154417030698511
8389383510   10154417030978511
8389383510   10154417208358511
8389383510   10154424128618511
8389383510   10154424210908511
8389383510   10154424720643511
8389383510   10154427483038511
8389383510   10154429209888511
8389383510   10154429218933511
8389383510   10154429372348511
8389383510   10154429383968511
8389383510   10154430028343511
8389383510   10154437959723511
8389383510   10154443520213511
8389383510   10154444137493511
8389383510   10154446864208511
8389383510   10154446922763511
8389383510   10154447299778511
8389383510   10154448523378511
8389383510   10154450554668511
8389383510   10154451297378511
8389383510   10154451469408511
8389383510   10154455374678511
8389383510   10154455411253511
8389383510   10154455890843511
8389383510   10154457142603511
8389383510   10154457735588511
8389383510   10154466452348511
8389383510   10154466968958511
8389383510   10154469495208511
8389383510   10154471719638511
8389383510   10154471793683511
8389383510   10154471968773511
8389383510   10154473772608511
8389383510   10154474118788511
8389383510   10154474341543511
8389383510   10154474462498511
8389383510   10154474581488511
8389383510   10154474823553511
8389383510   10154476452373511
8389383510   10154476902813511
8389383510   10154476953568511
8389383510   10154476953613511
8389383510   10154477175208511
8389383510   10154478573888511
8389383510   10154480094923511
8389383510   10154485289653511
8389383510   10154490696683511
8389383510   10154490880688511
8389383510   10154493154213511
8389383510   10154493740423511
8389383510   10154494028043511
8389383510   10154494674838511
8389383510   10154496381903511
8389383510   10154498507168511
8389383510   10154503668128511
8389383510   10154504325788511
8389383510   10154507351588511
8389383510   10154507384163511
8389383510   10154509269578511
8389383510   10154509716933511
8389383510   10154511394928511
8389383510   10154511736903511
8389383510   10154511894453511
8389383510   10154512042928511
8389383510   10154514754658511
8389383510   10154516893023511
8389383510   10154517332253511
8389383510   10154517450058511
8389383510   10154522016873511
8389383510   10154522108803511
8389383510   10154524939938511
8389383510   10154525325268511
8389383510   10154525725403511
8389383510   10154528623198511
8389383510   10154532330578511
8389383510   10154534450183511
8389383510   10154534670323511
8389383510   10154534921943511
8389383510   10154542334878511
8389383510   10154545770613511
8389383510   10154548377753511
8389383510   10154548749628511
8389383510   10154551333293511
8389383510   10154551934168511
8389383510   10154555245573511
8389383510   10154557659813511
8389383510   10154560629048511
8389383510   10154573220173511
8389383510   10154576840913511
8389383510   10154577513088511
8389383510   10154579672288511
8389383510   10154579871203511
8389383510   10154580220113511
8389383510   10154580389663511
8389383510   10154580830308511
8389383510   10154581480803511
8389383510   10154582927393511
8389383510   10154591156428511
8389383510   10154592095113511
8389383510   10154599864313511
8389383510   10154600209158511
8389383510   10154600501523511
8389383510   10154600576578511
8389383510   10154601691453511
8389383510   10154602596683511
8389383510   10154602989783511
8389383510   10154608485848511
8389383510   10154611231793511
8389383510   10154611269458511
8389383510   10154612478028511
8389383510   10154615141883511
8389383510   10154615142318511
8389383510   10154618142338511
8389383510   10154621422953511
8389383510   10154631678323511
8389383510   10154632292848511
8389383510   10154635680238511
8389383510   10154640164328511
8389383510   10154640223538511
8389383510   10154642592213511
8389383510   10154643308233511
8389383510   10154643308553511
8389383510   10154645347408511
8389383510   10154649867863511
8389383510   10154652466628511
8389383510   10154655904663511
8389383510   10154656246863511
8389383510   10154658832603511
8389383510   10154662122488511
8389383510   10154662301683511
8389383510   10154662754853511
8389383510   10154662932713511
8389383510   10154664471008511
8389383510   10154667225928511
8389383510   10154669906778511
8389383510   10154670571218511
8389383510   10154673300273511
8389383510   10154673345313511
8389383510   10154675191298511
8389383510   10154675559893511
8389383510   10154678041118511
8389383510   10154678041133511
8389383510   10154678529373511
8389383510   10154680537708511
8389383510   10154680775243511
8389383510   10154683616083511
8389383510   10154687217233511
8389383510   10154692398438511
8389383510   10154692721323511
8389383510   10154692889258511
8389383510   10154693171253511
8389383510   10154698718743511
8389383510   10154698718833511
8389383510   10154701469608511
8389383510   10154701527893511
8389383510   10154701536353511
8389383510   10154704236608511
8389383510   10154704265988511
8389383510   10154704547263511
8389383510   10154712883848511
8389383510   10154716460243511
8389383510   10154719844973511
8389383510   10154720261108511
8389383510   10154722760483511
8389383510   10154723767518511
8389383510   10154725807318511
8389383510   10154726010093511
8389383510   10154726127393511
8389383510   10154729074168511
8389383510   10154734385403511
8389383510   10154734715538511
8389383510   10154738177048511
8389383510   10154738615058511
8389383510   10154740340703511
8389383510   10154740378843511
8389383510   10154740520878511
8389383510   10154741037683511
8389383510   10154743455623511
8389383510   10154744350948511
8389383510   10154747094023511
8389383510   10154747142998511
8389383510   10154747610168511
8389383510   10154749904728511
8389383510   10154750060703511
8389383510   10154754617508511
8389383510   10154754624813511
8389383510   10154754625413511
8389383510   10154754650498511
8389383510   10154754886698511
8389383510   10154754892033511
8389383510   10154754892773511
8389383510   10154754901728511
8389383510   10154756690003511
8389383510   10154756955578511
8389383510   10154757550778511
8389383510   10154758935828511
8389383510   10154759074418511
8389383510   10154759318368511
8389383510   10154759510368511
8389383510   10154760417743511
8389383510   10154761866848511
8389383510   10154762066033511
8389383510   10154762491258511
8389383510   10154764891648511
8389383510   10154764925238511
8389383510   10154765268958511
8389383510   10154766344403511
8389383510   10154766549133511
8389383510   10154767240938511
8389383510   10154767281303511
8389383510   10154767427108511
8389383510   10154767508148511
8389383510   10154767587218511
8389383510   10154767660098511
8389383510   10154767698008511
8389383510   10154767716073511
8389383510   10154771130268511
8389383510   10154773576528511
8389383510   10154773954568511
8389383510   10154775045483511
8389383510   10154776704743511
8389383510   10154776985178511
8389383510   10154779363203511
8389383510   10154779772168511
8389383510   10154780909623511
8389383510   10154780915753511
8389383510   10154783649423511
8389383510   10154783652713511
8389383510   10154783690798511
8389383510   10154783709243511
8389383510   10154783853133511
8389383510   10154783905298511
8389383510   10154784052413511
8389383510   10154784066038511
8389383510   10154784375768511
8389383510   10154784391508511
8389383510   10154784580838511
8389383510   10154785031103511
8389383510   10154785033278511
8389383510   10154785060173511
8389383510   10154785133568511
8389383510   10154785219583511
8389383510   10154785220723511
8389383510   10154785254898511
8389383510   10154786699748511
8389383510   10154787036863511
8389383510   10154787150523511
8389383510   10154787224908511
8389383510   10154787469193511
8389383510   10154787511253511
8389383510   10154787628258511
8389383510   10154787805143511
8389383510   10154787895963511
8389383510   10154788354793511
8389383510   10154788579763511
8389383510   10154788587348511
8389383510   10154788842233511
8389383510   10154788941383511
8389383510   10154788946203511
8389383510   10154789096808511
8389383510   10154789098193511
8389383510   10154790158158511
8389383510   10154790330148511
8389383510   10154790893448511
8389383510   10154790927418511
8389383510   10154791193833511
8389383510   10154794134893511
8389383510   10154801975188511
8389383510   10154801985233511
8389383510   10154802004803511
8389383510   10154802006313511
8389383510   10154804712753511
8389383510   10154807659928511
8389383510   10154807666198511
8389383510   10154807667013511
8389383510   10154807667293511
8389383510   10154809358053511
8389383510   10154813885193511
8389383510   10154813901878511
8389383510   10154814543193511
8389383510   10154814930758511
8389383510   10154814933448511
8389383510   10154815120613511
8389383510   10154815129563511
8389383510   10154815130063511
8389383510   10154815638308511
8389383510   10154815645658511
8389383510   10154820747448511
8389383510   10154821098198511
8389383510   10154821100223511
8389383510   10154821720253511
8389383510   10154823182433511
8389383510   10154823184283511
8389383510   10154823207253511
8389383510   10154823208843511
8389383510   10154823553883511
8389383510   10154823555033511
8389383510   10154823612028511
8389383510   10154823612553511
8389383510   10154824229953511
8389383510   10154826253798511
8389383510   10154826279863511
8389383510   10154826280528511
8389383510   10154826281798511
8389383510   10154826626203511
8389383510   10154826627118511
8389383510   10154826644823511
8389383510   10154829178588511
8389383510   10154829426863511
8389383510   10154829801193511
8389383510   10154832218273511
8389383510   10154832229813511
8389383510   10154832814078511
8389383510   10154832824443511
8389383510   10154832934058511
8389383510   10154835416688511
8389383510   10154835451953511
8389383510   10154835453038511
8389383510   10154835454778511
8389383510   10154835543798511
8389383510   10154836085138511
8389383510   10154836181198511
8389383510   10154836393533511
8389383510   10154836426248511
8389383510   10154836427258511
8389383510   10154836465858511
8389383510   10154843447828511
8389383510   10154843513623511
8389383510   10154845810623511
8389383510   10154846046548511
8389383510   10154846072658511
8389383510   10154846199158511
8389383510   10154846478008511
8389383510   10154846618428511
8389383510   10154846717943511
8389383510   10154846834498511
8389383510   10154849665353511
8389383510   10154849868928511
8389383510   10154850396303511
8389383510   10154858025293511
8389383510   10154858670958511
8389383510   10154859366353511
8389383510   10154859390973511
8389383510   10154869211623511
8389383510   10154880313358511
8389383510   10154880892023511
8389383510   10154882721688511
8389383510   10154888582338511
8389383510   10154898300843511
8389383510   10154898540743511
8389383510   10154898743843511
8389383510   10154898991463511
8389383510   10154899240523511
8389383510   10154903335223511
8389383510   10154906824713511
8389383510   10154911436813511
8389383510   10154914290028511
8389383510   10154916192328511
8389383510   10154917314308511
8389383510   10154924483938511
8389383510   10154924965418511
8389383510   10154929808668511
8389383510   10154932256468511
8389383510   10154932688443511
8389383510   10154936789253511
8389383510   10154941501898511
8389383510   10154941723453511
8389383510   10154948005938511
8389383510   10154949802288511
8389383510   10154950387118511
8389383510   10154950930718511
8389383510   10154951392778511
8389383510   10154954688058511
8389383510   10154957532223511
8389383510   10154958968608511
8389383510   10154960523818511
8389383510   10154965563728511
8389383510   10154970937023511
8389383510   10154978460048511
8389383510   10154983659648511
8389383510   10154983881918511
8389383510   10154986355898511
8389383510   10154986696433511
8389383510   10154988593453511
8389383510   10154988763103511
8389383510   10154993540368511
8389383510   10154994126208511
8389383510   10154999457768511
8389383510   10154999566543511
8389383510   10154999566548511
8389383510   10154999566563511
8389383510   10154999566583511
8389383510   10154999570328511
8389383510   10155000834543511
8389383510   10155001051183511
8389383510   10155001058468511
8389383510   10155001545563511
8389383510   10155003523373511
8389383510   10155003751053511
8389383510   10155003949663511
8389383510   10155004049483511
8389383510   10155006124683511
8389383510   10155006395363511
8389383510   10155006737483511
8389383510   10155006995973511
8389383510   10155013822693511
8389383510   10155014043313511
8389383510   10155016457668511
8389383510   10155019177123511
8389383510   10155020200408511
8389383510   10155020220178511
8389383510   10155021416913511
8389383510   10155024115373511
8389383510   10155024340858511
8389383510   10155024573503511
8389383510   10155027505108511
8389383510   10155027789803511
8389383510   10155027809708511
8389383510   10155031401143511
8389383510   10155033471903511
8389383510   10155042310858511
8389383510   10155043219468511
8389383510   10155043220628511
8389383510   1417369638302657
8389383510   1431162823608689
8389383510   250643125387193
8389383510   321776998293871
8389383510   629896653877629
84398256230   10154081752006231
84398256230   10154084180371231
84398256230   10154090103591231
84398256230   10154093226791231
84398256230   10154095457951231
84398256230   10154104691891231
84398256230   10154116089156231
84398256230   10154123190516231
84398256230   10154129615136231
84398256230   10154134521531231
84398256230   10154145475941231
84398256230   10154152732396231
84398256230   10154156775711231
84398256230   10154164566331231
84398256230   10154166840881231
84398256230   10154171474496231
84398256230   10154179165611231
84398256230   10154190357181231
84398256230   10154196222511231
84398256230   10154197492511231
84398256230   10154204326566231
84398256230   10154207410916231
84398256230   10154211730076231
84398256230   10154217745936231
84398256230   10154224764506231
84398256230   10154230007591231
84398256230   10154234599921231
84398256230   10154241308481231
84398256230   10154247015126231
84398256230   10154252212316231
84398256230   10154257899541231
84398256230   10154266544176231
84398256230   10154271915816231
84398256230   10154274572001231
84398256230   10154282446841231
84398256230   10154294761496231
84398256230   10154297821966231
84398256230   10154303774581231
84398256230   10154313417296231
84398256230   10154318303621231
84398256230   10154321470546231
84398256230   10154330462056231
84398256230   10154340292201231
84398256230   10154346733436231
84398256230   10154352396411231
84398256230   10154358260566231
84398256230   10154375648306231
84398256230   10154381559826231
84398256230   10154382391921231
84398256230   10154386987511231
84398256230   10154392287716231
84398256230   10154392524661231
84398256230   10154398072376231
84398256230   10154413310611231
84398256230   10154421494416231
84398256230   10154426416681231
84398256230   10154431660961231
84398256230   10154434242351231
84398256230   10154445588016231
84398256230   10154448533891231
84398256230   10154450960626231
84398256230   10154469787226231
84398256230   10154472697976231
84398256230   10154475436111231
84398256230   10154488698016231
84398256230   10154493872206231
84398256230   10154496615606231
84398256230   10154507998491231
84398256230   10154508003161231
84398256230   10154514081746231
84398256230   10154523547636231
84398256230   10154529851156231
84398256230   10154546079231231
84398256230   10154548935746231
84398256230   10154551811481231
84398256230   10154554725831231
84398256230   10154558627416231
84398256230   10154567469941231
84398256230   10154575948471231
84398256230   10154586115791231
84398256230   10154589396791231
84398256230   10154599340121231
84398256230   10154605227076231
84398256230   10154620862396231
84398256230   10154626902141231
84398256230   10154633679031231
84398256230   10154639591781231
84398256230   10154642471771231
84398256230   10154648551596231
84398256230   10154652025041231
84398256230   10154654192101231
84398256230   10154660415136231
84398256230   10154663870946231
84398256230   10154667012836231
84398256230   10154675419386231
84398256230   10154683279561231
84398256230   10154684656651231
84398256230   10154691722096231
84398256230   10154697020891231
84398256230   10154697505106231
84398256230   10154708850566231
84398256230   10154715395046231
84398256230   10154719378586231
84398256230   10154726293676231
84398256230   10154733185521231
84398256230   10154735742326231
84398256230   10154738386936231
84398256230   10154740894646231
84398256230   10154743768826231
84398256230   10154752983761231
84398256230   10154755295166231
84398256230   10154757454601231
84398256230   10154759834241231
84398256230   10154767237846231
84398256230   10154771577126231
84398256230   10154772615216231
84398256230   10154775354471231
84398256230   10154782719396231
84398256230   10154785267191231
84398256230   10154786712906231
84398256230   10154787283536231
84398256230   10154788889691231
84398256230   10154793017651231
84398256230   10154797879366231
84398256230   10154804399106231
84398256230   10154807227286231
84398256230   10154809079441231
84398256230   10154814582601231
84398256230   10154818969751231
84398256230   10154821236366231
84398256230   10154823272891231
84398256230   10154826070526231
84917689333   10154884566154334
84917689333   10154949590029334
84917689333   10154959979004334
84917689333   10154968341544334
84917689333   10155013648029334
84917689333   10155040031459334
84917689333   10155057762394334
84917689333   10155109664534334
84917689333   10155111615044334
84917689333   10155111681224334
84917689333   10155144091519334
84917689333   10155157330349334
84917689333   10155157337409334
84917689333   10155157348409334
84917689333   10155157364074334
84917689333   10155174174589334
84917689333   10155174238574334
84917689333   10155236013684334
84917689333   10155258526104334
84917689333   10155274922919334
84917689333   10155275019679334
84917689333   10155277661364334
84917689333   10155277670394334
84917689333   10155277749044334
84917689333   10155302459724334
84917689333   10155302992919334
84917689333   10155318698444334
84917689333   10155318726774334
84917689333   10155318754534334
84917689333   10155318767109334
84917689333   10155397011264334
84917689333   10155433104669334
84917689333   10155435503319334
84917689333   10155435713499334
84917689333   10155435793194334
84917689333   10155484942244334
84917689333   10155507056229334
84917689333   10155538129204334
84917689333   10155570707799334
84917689333   10155570894719334
84917689333   10155578851554334
84917689333   10155578925994334
84917689333   10155631978289334
84917689333   10155652638789334
84917689333   10155673776519334
84917689333   10155680311399334
84917689333   10155685750989334
84917689333   10155688765804334
84917689333   10155693718734334
84917689333   10155699743319334
8576093908   10154039825032714
8576093908   10154899760393909
8576093908   10154905152178909
8576093908   10154912038013909
8576093908   10154915096478909
8576093908   10154921415258909
8576093908   10154923083303909
8576093908   10154923801133909
8576093908   10154924356573909
8576093908   10154926619388909
8576093908   10154927302793909
8576093908   10154932263833909
8576093908   10154937989553909
8576093908   10154940526403909
8576093908   10154947993408909
8576093908   10154949888248909
8576093908   10154956003463909
8576093908   10154961968098909
8576093908   10154985848798909
8576093908   10154989186208909
8576093908   10154991441563909
8576093908   10154997638913909
8576093908   10155001084703909
8576093908   10155003852798909
8576093908   10155004608363909
8576093908   10155007440988909
8576093908   10155009235858909
8576093908   10155010965338909
8576093908   10155012327023909
8576093908   10155012563718909
8576093908   10155012602718909
8576093908   10155014208158909
8576093908   10155014369538909
8576093908   10155014578113909
8576093908   10155015080168909
8576093908   10155015827618909
8576093908   10155015962363909
8576093908   10155016111468909
8576093908   10155016178378909
8576093908   10155017940283909
8576093908   10155018236538909
8576093908   10155020447443909
8576093908   10155022974398909
8576093908   10155026376498909
8576093908   10155026536718909
8576093908   10155030461608909
8576093908   10155032470868909
8576093908   10155035368668909
8576093908   10155038595303909
8576093908   10155039186608909
8576093908   10155040798838909
8576093908   10155043872678909
8576093908   10155046806293909
8576093908   10155047650518909
8576093908   10155048362403909
8576093908   10155056804513909
8576093908   10155059544833909
8576093908   10155070152108909
8576093908   10155072123548909
8576093908   10155072757548909
8576093908   10155074608203909
8576093908   10155075665288909
8576093908   10155080642368909
8576093908   10155081312423909
8576093908   10155081778833909
8576093908   10155084531763909
8576093908   10155084754108909
8576093908   10155085344313909
8576093908   10155087513033909
8576093908   10155089459998909
8576093908   10155093101618909
8576093908   10155099035488909
8576093908   10155109193108909
8576093908   10155111665978909
8576093908   10155111875378909
8576093908   10155111961033909
8576093908   10155112363133909
8576093908   10155119701218909
8576093908   10155120335303909
8576093908   10155135406013909
8576093908   10155137705628909
8576093908   10155137911453909
8576093908   10155142268668909
8576093908   10155145764403909
8576093908   10155147843573909
8576093908   10155157323198909
8576093908   10155160122883909
8576093908   10155160177073909
8576093908   10155160977543909
8576093908   10155168448498909
8576093908   10155184397263909
8576093908   10155192669003909
8576093908   10155195913083909
8576093908   10155199092458909
8576093908   10155202252168909
8576093908   10155204787108909
8576093908   10155205423133909
8576093908   10155211183693909
8576093908   10155222098608909
8576093908   10155222541863909
8576093908   10155224722758909
8576093908   10155225785578909
8576093908   10155228780708909
8576093908   10155229218068909
8576093908   10155233112733909
8576093908   10155235455683909
8576093908   10155238938513909
8576093908   10155239623308909
8576093908   10155256706943909
8576093908   10155259817788909
8576093908   10155263378213909
8576093908   10155265748993909
8576093908   10155269166413909
8576093908   10155270227663909
8576093908   10155270956623909
8576093908   10155271033753909
8576093908   10155272586958909
8576093908   10155283556758909
8576093908   10155284733033909
8576093908   10155286188743909
8576093908   10155292779283909
8576093908   10155300168248909
8576093908   10155303508218909
8576093908   10155304166133909
8576093908   10155306139293909
8576093908   10155307078223909
8576093908   10155309576868909
8576093908   10155310376898909
8576093908   10155312797413909
8576093908   10155313629278909
8576093908   10155315834583909
8576093908   10155318678643909
8576093908   10155319214468909
8576093908   10155320239613909
8576093908   10155328833158909
8576093908   10155333785403909
8576093908   10155342723973909
8576093908   10155347200928909
8576093908   10155349763718909
8576093908   10155353869418909
8576093908   10155356672128909
8576093908   10155360308638909
8576093908   10155361323218909
8576093908   10155363836973909
8576093908   10155364187323909
8576093908   10155364618203909
8576093908   10155367178838909
8576093908   10155367661553909
8576093908   10155370800903909
8576093908   10155372656053909
8576093908   10155376462628909
8576093908   10155382589918909
8576093908   10155383224468909
8576093908   10155386298968909
8576093908   10155390028903909
8576093908   10155398472918909
8576093908   10155403014723909
8576093908   10155405439728909
8576093908   10155406204728909
8576093908   10155409568393909
8576093908   10155415723028909
8576093908   10155421930913909
8576093908   10155423863028909
8576093908   10155428091888909
8576093908   10155430720878909
8576093908   10155431816443909
8576093908   10155432240538909
8576093908   10155437042883909
8576093908   10155439257043909
8576093908   10155445691298909
8576093908   10155449684858909
8576093908   10155459999068909
8576093908   10155463185498909
8576093908   10155465668438909
8576093908   10155466294393909
8576093908   10155468493348909
8576093908   10155469342133909
8576093908   10155471607248909
8576093908   10155475568828909
8576093908   10155475847748909
8576093908   10155476566858909
8576093908   10155476857678909
8576093908   10155479201353909
8576093908   10155479389323909
8576093908   10155479644478909
8576093908   10155479785868909
8576093908   10155480103263909
8576093908   10155485997448909
8576093908   10155493280158909
8576093908   10155497275888909
8576093908   10155497765393909
8576093908   10155498472283909
8576093908   10155501496803909
8576093908   10155502219258909
8576093908   10155505850168909
8576093908   10155506307943909
8576093908   10155506817033909
8576093908   10155521992458909
8576093908   10155524693853909
8576093908   10155525682968909
8576093908   10155528421113909
8576093908   10155535528928909
8576093908   10155546507238909
8576093908   10155550504023909
8576093908   10155551026068909
8576093908   10155551141003909
8576093908   10155555183223909
8576093908   10155557850688909
8576093908   10155562764143909
8576093908   10155564367768909
8576093908   10155565524893909
8576093908   10155567855113909
8576093908   10155568777658909
8576093908   10155571466758909
8576093908   10155572124928909
8576093908   10155572897493909
8576093908   10155582078998909
8576093908   10155585990828909
8576093908   10155590686453909
8576093908   10155593729643909
8576093908   10155593942078909
8576093908   10155596804218909
8576093908   10155600840853909
8576093908   10155601649118909
8576093908   10155601653148909
8576093908   10155608686008909
8576093908   10155609311508909
8576093908   10155611998833909
8576093908   10155614186268909
8576093908   10155615055263909
8576093908   10155616929053909
8576093908   10155617757098909
8576093908   10155621004733909
8576093908   10155629141283909
8576093908   10155632194078909
8576093908   10155632919428909
8576093908   10155633502443909
8576093908   10155635052623909
8576093908   10155635516628909
8576093908   10155636201653909
8576093908   10155637999258909
8576093908   10155638718423909
8576093908   10155642304453909
8576093908   10155642578998909
8576093908   10155644358598909
8576093908   10155645719053909
8576093908   10155647893778909
8576093908   10155648437688909
8576093908   10155652899708909
8576093908   10155653638313909
8576093908   10155656480718909
8576093908   10155659660023909
8576093908   10155661638938909
8576093908   10155664624663909
8576093908   10155670678908909
8576093908   10155673487063909
8576093908   10155674447403909
8576093908   10155675956798909
8576093908   10155679557748909
8576093908   10155680610303909
8576093908   10155682444293909
8576093908   10155682804233909
8576093908   10155683341803909
8576093908   10155683640378909
8576093908   10155687709673909
8576093908   10155691427968909
8576093908   10155694185898909
8576093908   10155718404128909
8576093908   10155718667923909
8576093908   10155719426913909
8576093908   10155720942033909
8576093908   10155721098653909
8576093908   10155721215083909
8576093908   10155721441968909
8576093908   10155721832818909
8576093908   10155723699193909
8576093908   10155724166028909
8576093908   10155724950863909
8576093908   10155725147183909
8576093908   10155732826603909
8576093908   10155737387608909
8576093908   10155739057183909
8576093908   10155740504473909
8576093908   10155743339513909
8576093908   10155751522673909
8576093908   10155757544928909
8576093908   10155757754293909
8576093908   10155761240088909
8576093908   10155761415613909
8576093908   10155767121123909
8576093908   10155768847063909
8576093908   10155769547368909
8576093908   10155769998028909
8576093908   10155772035058909
8576093908   10155773048483909
8576093908   10155777099813909
8576093908   10155780240263909
8576093908   10155782856773909
8576093908   10155783989243909
8576093908   10155786862873909
8576093908   1272729469510177
8576093908   179852895826073
8625520535   10153850400330536
8625520535   10154926526495536
8625520535   10154929471440536
8625520535   10154930752015536
8625520535   10154932147495536
8625520535   10154933461770536
8625520535   10154934910870536
8625520535   10154935263040536
8625520535   10154936107465536
8625520535   10154937490510536
8625520535   10154942344070536
8625520535   10154943795715536
8625520535   10154945190450536
8625520535   10154946665415536
8625520535   10154947955550536
8625520535   10154949437285536
8625520535   10154950743665536
8625520535   10154952432780536
8625520535   10154954140665536
8625520535   10154955968530536
8625520535   10154957827280536
8625520535   10154959517750536
8625520535   10154960900125536
8625520535   10154964299630536
8625520535   10154967434995536
8625520535   10154969365620536
8625520535   10154971036720536
8625520535   10154972768040536
8625520535   10154974360965536
8625520535   10154976260630536
8625520535   10154977724565536
8625520535   10154979256480536
8625520535   10154981338510536
8625520535   10154984058660536
8625520535   10154985406000536
8625520535   10154986779835536
8625520535   10154988328630536
8625520535   10154990243110536
8625520535   10154992019060536
8625520535   10154993605170536
8625520535   10154995539970536
8625520535   10154997292885536
8625520535   10154999161925536
8625520535   10155000941550536
8625520535   10155003099255536
8625520535   10155005066710536
8625520535   10155007745825536
8625520535   10155009765335536
8625520535   10155011774255536
8625520535   10155013701170536
8625520535   10155015305605536
8625520535   10155016707490536
8625520535   10155018595245536
8625520535   10155019813560536
8625520535   10155021172025536
8625520535   10155022504600536
8625520535   10155023815230536
8625520535   10155025125045536
8625520535   10155026483935536
8625520535   10155028469485536
8625520535   10155031289010536
8625520535   10155032555955536
8625520535   10155034131465536
8625520535   10155035538120536
8625520535   10155037926465536
8625520535   10155040162840536
8625520535   10155043490325536
8625520535   10155044793255536
8625520535   10155044929040536
8625520535   10155046559605536
8625520535   10155047972190536
8625520535   10155049481350536
8625520535   10155051011495536
8625520535   10155052825890536
8625520535   10155054226655536
8625520535   10155055585400536
8625520535   10155058124080536
8625520535   10155059935040536
8625520535   10155061322205536
8625520535   10155062781505536
8625520535   10155065064870536
8625520535   10155066864960536
8625520535   10155068904915536
8625520535   10155070325955536
8625520535   10155071682105536
8625520535   10155073120425536
8625520535   10155074485610536
8625520535   10155075899485536
8625520535   10155077453340536
8625520535   10155079121625536
8625520535   10155080560835536
8625520535   10155084794540536
8625520535   10155086641190536
8625520535   10155089889025536
8625520535   10155091806520536
8625520535   10155099040500536
8625520535   10155103729960536
8625520535   10155107696245536
8625520535   10155109534830536
8625520535   10155111450785536
8625520535   10155112852445536
8625520535   10155114197315536
8625520535   10155115469605536
8625520535   10155119177555536
8625520535   10155124375355536
8625520535   10155126778985536
8625520535   10155127940760536
8625520535   10155129813115536
8625520535   10155131012490536
8625520535   10155134324690536
8625520535   10155136206170536
8625520535   10155139135990536
8625520535   10155140699490536
8625520535   10155142249330536
8625520535   10155143592760536
8625520535   10155145032005536
8625520535   10155146748880536
8625520535   10155148382400536
8625520535   10155149597345536
8625520535   10155151080210536
8625520535   10155152235670536
8625520535   10155153552585536
8625520535   10155155340710536
8625520535   10155158217675536
8625520535   10155158578850536
8625520535   10155161424660536
8625520535   10155164371920536
8625520535   10155165880995536
8625520535   10155167509890536
8625520535   10155168861650536
8625520535   10155170677710536
8625520535   10155172343950536
8625520535   10155175626980536
8625520535   10155178044660536
8625520535   10155180337315536
8625520535   10155182089290536
8625520535   10155185384260536
8625520535   10155187870850536
8625520535   10155189788410536
8625520535   10155191088705536
8625520535   10155191228740536
8625520535   10155193467410536
8625520535   10155195062445536
8625520535   10155197473575536
8625520535   10155198992710536
8625520535   10155201043710536
8625520535   10155202570830536
8625520535   10155204608190536
8625520535   10155206080450536
8625520535   10155207898480536
8625520535   10155209243925536
8625520535   10155210981150536
8625520535   10155212497735536
8625520535   10155214495720536
8625520535   10155218200805536
8625520535   10155221061605536
8625520535   10155222526405536
8625520535   10155224157705536
8625520535   10155225468150536
8625520535   10155227168950536
8625520535   10155228937050536
8625520535   10155230660010536
8625520535   10155233566200536
8625520535   10155235489870536
8625520535   10155236997370536
8625520535   10155239423960536
8625520535   10155240867505536
8625520535   10155242857235536
8625520535   10155244059090536
8625520535   10155245591850536
8625520535   10155246889515536
8625520535   10155248804715536
8625520535   10155250363415536
8625520535   10155252319335536
8625520535   10155254581875536
8625520535   10155257835770536
8625520535   10155258080290536
8625520535   10155259187695536
8625520535   10155260625040536
8625520535   10155261859745536
8625520535   10155263233130536
8625520535   10155264316010536
8625520535   10155265851465536
8625520535   10155267091805536
8625520535   10155268717190536
8625520535   10155270019450536
8625520535   10155271456060536
8625520535   10155272789860536
8625520535   10155274402525536
8625520535   10155275666050536
8625520535   10155277897690536
8625520535   10155279297380536
8625520535   10155281090390536
8625520535   10155282759785536
8625520535   10155285099470536
8625520535   10155287086245536
8625520535   10155289540040536
8625520535   10155292499660536
8625520535   10155295007750536
8625520535   10155296582385536
8625520535   10155298458430536
8625520535   10155299951170536
8625520535   10155301852545536
8625520535   10155303591860536
8625520535   10155305561100536
8625520535   10155307941795536
8625520535   10155310589030536
8625520535   10155312297160536
8625520535   10155314259675536
8625520535   10155315786885536
8625520535   10155318580435536
8625520535   10155320232590536
8625520535   10155321917900536
8625520535   10155323006495536
8625520535   10155323568440536
8625520535   10155325526330536
8625520535   10155327054695536
8625520535   10155328948430536
8625520535   10155331579265536
8625520535   10155334014310536
8625520535   10155337119115536
8625520535   10155339486340536
8625520535   10155343133800536
8625520535   10155345102745536
8625520535   10155346300515536
8625520535   10155347529130536
8625520535   10155348242145536
8625520535   10155352069170536
8625520535   10155358286365536
8625520535   10155359764690536
8625520535   10155361465005536
8625520535   10155363115065536
8625520535   10155364769535536
8625520535   10155366282955536
8625520535   10155368252680536
8625520535   10155369475605536
8625520535   10155371140365536
8625520535   10155372695800536
8625520535   10155374233395536
8625520535   10155375582590536
8625520535   10155377033795536
8625520535   10155378016945536
8625520535   10155380403020536
8625520535   10155381591760536
8625520535   10155383093405536
8625520535   10155384244345536
8625520535   10155388829545536
8625520535   10155393497680536
8625520535   10155395364930536
8625520535   10155400345170536
8625520535   10155401834450536
8625520535   10155403103090536
8625520535   10155404573140536
8625520535   10155405942315536
8625520535   10155407306965536
8625520535   10155408684095536
8625520535   10155410054850536
8625520535   10155411403365536
8625520535   10155412865945536
8625520535   10155414068700536
8625520535   10155417389700536
8625520535   10155418850430536
8625520535   10155424341370536
8625520535   10155427289210536
8625520535   10155430397035536
8625520535   10155438103640536
8625520535   10155439526190536
8625520535   10155441496115536
8625520535   10155447211390536
8625520535   10155451024895536
8625520535   10155454233860536
8625520535   10155457496630536
8625520535   10155461230500536
8625520535   10155468506015536
8625520535   10155475340245536
8625520535   10155478716860536
8625520535   10155481634120536
8625520535   10155484488885536
8625520535   10155487813405536
8625520535   10155492551585536
8625520535   10155499672145536
8625520535   10155502849755536
8625520535   10155506015475536
8625520535   10155513956615536
8625520535   10155519741595536
8625520535   10155523339800536
8625520535   10155526853975536
8625520535   10155529899020536
8625520535   10155533708785536
8625520535   10155541324685536
8625520535   10155548795135536
8625520535   10155552003435536
8625520535   10155555177705536
8625520535   10155564126235536
8625520535   10155570612550536
8625520535   10155570984575536
8625520535   10155574967570536
8625520535   10155578001950536
8625520535   10155581432050536
8625520535   10155584889320536
8625520535   10155593499770536
8625520535   10155600780740536
8625520535   10155604947485536
8625520535   10155608918765536
8625520535   10155617424940536
8625520535   10155626368625536
8625520535   10155629885330536
8625520535   10155633510245536
8625520535   10155636872090536
8625520535   10155640338725536
8625520535   10155643466805536
8625520535   10155648013065536
8625520535   10155648074265536
8625520535   10155651165445536
8625520535   10155655824135536
8625520535   10155659333945536
8625520535   10155662730850536
8625520535   10155670537870536
8625520535   10155677723160536
8625520535   10155680191185536
8625520535   10155683593815536
8625520535   10155685373420536
8625520535   10155687483885536
8625520535   10155689317105536
8625520535   10155691578210536
8625520535   10155693201275536
8625520535   10155695960200536
8625520535   10155697706480536
8625520535   10155699643710536
8625520535   10155701237040536
8625520535   10155703231855536
8625520535   10155705089475536
8625520535   10155706892565536
8625520535   10155708323460536
8625520535   10155709689865536
8625520535   10155711079570536
8625520535   10155712428145536
8625520535   10155713801100536
8625520535   10155715331845536
8625520535   10155716571415536
8625520535   10155717933430536
8625520535   10155719942450536
8625520535   10155721301650536
8625520535   10155722488450536
8625520535   10155723839985536
8625520535   10155725166950536
8625520535   10155727238915536
8625520535   10155728516915536
8625520535   10155730437310536
8625520535   10155731764115536
8625520535   10155733154690536
8625520535   10155734546210536
8625520535   10155736026030536
8625520535   10155737298195536
8625520535   10155738841270536
8625520535   10155740229465536
8625520535   10155742345960536
8625520535   10155744028925536
8625520535   10155746371625536
8625520535   10155747657230536
8625520535   10155748972815536
8625520535   10155750209335536
8625520535   10155751583290536
8625520535   10155752842110536
8625520535   10155754184690536
8625520535   10155755495690536
8625520535   10155756866790536
8625520535   10155758222505536
8625520535   10155760111290536
8625520535   10155761333815536
8625520535   10155762644860536
8625520535   10155764000445536
8625520535   10155765401760536
8625520535   10155766728120536
8625520535   10155768851725536
8625520535   10155770063275536
8625520535   10155771518830536
8625520535   10155772872455536
8625520535   10155774274965536
8625520535   10155775568140536
8625520535   10155777052275536
8625520535   10155778932940536
8625520535   10155780351825536
8625520535   10155781649700536
8625520535   10155781720600536
8625520535   10155783114490536
8625520535   10155784452185536
8625520535   10155785873685536
8625520535   10155790275950536
8625520535   10155790811120536
8625520535   10155792123500536
8625520535   10155793585540536
8625520535   10155795147950536
8625520535   10155796368170536
8625520535   10155797737910536
8625520535   10155799007850536
8625520535   10155800257425536
8625520535   10155801679765536
8625520535   10155803268545536
8625520535   10155805126445536
8625520535   10155805254590536
8625520535   10155808720450536
8625520535   10155810559695536
8625520535   10155813959800536
8625520535   10155822344960536
8625520535   10155823660550536
8625520535   10155824904510536
8625520535   10155826214755536
8625520535   10155827577960536
8625520535   10155831470245536
8625520535   10155834490805536
8625520535   10155836824510536
8625520535   10155838179345536
8625520535   10155839230675536
8625520535   10155841955790536
8625520535   10155843242420536
8625520535   10155844499055536
8625520535   10155845791830536
8625520535   10155847056500536
8625520535   10155848390530536
8625520535   10155849668735536
8625520535   10155851050515536
8625520535   10155852190070536
8625520535   10155853565805536
8625520535   10155854715340536
8625520535   10155855919420536
8625520535   10155857145660536
8625520535   10155858590075536
8625520535   10155859439350536
8625520535   10155859689730536
8625520535   10155861014795536
8625520535   10155862102945536
8625520535   10155863885040536
8625520535   10155865243560536
8625520535   10155866503865536
8625520535   10155867860955536
8625520535   10155869495135536
8625520535   10155870362975536
8625520535   10155870923175536
8625520535   10155872883185536
8625520535   10155874230955536
8625520535   10155875790075536
8625520535   10155877438030536
8625520535   10155878936880536
8625520535   10155880262330536
8625520535   10155881490105536
8625520535   10155882991265536
8625520535   10155884260685536
8625520535   10155885519745536
8625520535   10155886734755536
8625520535   10155887847535536
8625520535   10155889189850536
8625520535   10155890277285536
8625520535   10155892981550536
8625520535   10155894248920536
8625520535   10155896199550536
8625520535   10155898189835536
8625520535   10155899433780536
8625520535   10155900674710536
8625520535   10155901871225536
90250031635   10154350280831636
90250031635   10154350482591636
90250031635   10154353241826636
90250031635   10154361670461636
90250031635   10154365154606636
90250031635   10154373356786636
90250031635   10154376370186636
90250031635   10154376727491636
90250031635   10154383869896636
90250031635   10154384626281636
90250031635   10154387298296636
90250031635   10154396889136636
90250031635   10154398960041636
90250031635   10154405566316636
90250031635   10154408196386636
90250031635   10154408634256636
90250031635   10154423808196636
90250031635   10154428244846636
90250031635   10154429657291636
90250031635   10154431782486636
90250031635   10154434766591636
90250031635   10154441420636636
90250031635   10154444551901636
90250031635   10154451354051636
90250031635   10154456169266636
90250031635   10154458694561636
90250031635   10154459412176636
90250031635   10154467217486636
90250031635   10154478142721636
90250031635   10154480753451636
90250031635   10154489124331636
90250031635   10154495103846636
90250031635   10154505700016636
90250031635   10154505888006636
90250031635   10154514709586636
90250031635   10154523906621636
90250031635   10154527414661636
90250031635   10154536698696636
90250031635   10154538707656636
90250031635   10154545021401636
90250031635   10154545359116636
90250031635   10154547261841636
90250031635   10154548030746636
90250031635   10154558322831636
90250031635   10154568419876636
90250031635   10154568617351636
90250031635   10154569302596636
90250031635   10154572618266636
90250031635   10154572789626636
90250031635   10154584196141636
90250031635   10154590127991636
90250031635   10154596892001636
90250031635   10154597109276636
90250031635   10154597283961636
90250031635   10154610140666636
90250031635   10154614158926636
90250031635   10154614907531636
90250031635   10154617644351636
90250031635   10154618270466636
90250031635   10154621538606636
90250031635   10154621569361636
90250031635   10154621799881636
90250031635   10154622193801636
90250031635   10154631433601636
90250031635   10154634718356636
90250031635   10154636056246636
90250031635   10154642820731636
90250031635   10154642868846636
90250031635   10154644801936636
90250031635   10154650530916636
90250031635   10154653316271636
90250031635   10154657534531636
90250031635   10154662333396636
90250031635   10154669781151636
90250031635   10154679703181636
90250031635   10154685836406636
90250031635   10154694529796636
90250031635   10154694794841636
90250031635   10154701342306636
90250031635   10154704367736636
90250031635   10154711087496636
90250031635   10154715327821636
90250031635   10154718608321636
90250031635   10154734881551636
90250031635   10154735871521636
90250031635   10154741332951636
90250031635   10154742006361636
90250031635   10154749963741636
90250031635   10154750318536636
90250031635   10154757719886636
90250031635   10154764790871636
90250031635   10154765192886636
90250031635   10154765596011636
90250031635   10154767683891636
90250031635   10154774098556636
90250031635   10154780008391636
90250031635   10154780357656636
90250031635   10154783459281636
90250031635   10154783805391636
90250031635   10154786744941636
90250031635   10154792515641636
90250031635   10154795917026636
90250031635   10154796590716636
90250031635   10154799750521636
90250031635   10154806720511636
90250031635   10154807418841636
90250031635   10154808304511636
90250031635   10154810442301636
90250031635   10154827611431636
90250031635   10154828352206636
90250031635   10154830798441636
90250031635   10154835587126636
90250031635   10154844718651636
90250031635   10154847580406636
90250031635   10154858533076636
90250031635   10154858961836636
90250031635   10154859636256636
90250031635   10154872354556636
90250031635   10154876312106636
90250031635   10154884339026636
90250031635   10154894546036636
90250031635   10154900805176636
90250031635   10154902357306636
90250031635   10154903963206636
90250031635   10154904206591636
90250031635   10154904288781636
90250031635   10154905402366636
90250031635   10154906193666636
90250031635   10154908204096636
90250031635   10154908488006636
90250031635   10154911862521636
90250031635   10154912470711636
90250031635   10154912899531636
90250031635   10154912959676636
90250031635   10154915815506636
90250031635   10154915988201636
90250031635   10154916302336636
90250031635   10154916849456636
90250031635   10154916874306636
90250031635   10154918657116636
90250031635   10154933546911636
90250031635   1704979206475111
90671958533   10154667854978534
90671958533   10154989719363534
90671958533   10154992915343534
90671958533   10154992922898534
90671958533   10154995619718534
90671958533   10154996547638534
90671958533   10154998819923534
90671958533   10154998973663534
90671958533   10154999642878534
90671958533   10155002404003534
90671958533   10155004310853534
90671958533   10155005264878534
90671958533   10155012012958534
90671958533   10155012033858534
90671958533   10155012770463534
90671958533   10155012881123534
90671958533   10155013223893534
90671958533   10155013297988534
90671958533   10155016146483534
90671958533   10155016891773534
90671958533   10155018896758534
90671958533   10155023139963534
90671958533   10155023351333534
90671958533   10155025627273534
90671958533   10155028553363534
90671958533   10155028957948534
90671958533   10155037077528534
90671958533   10155040750993534
90671958533   10155041389523534
90671958533   10155042573723534
90671958533   10155043672253534
90671958533   10155045805608534
90671958533   10155048617653534
90671958533   10155049396328534
90671958533   10155059986333534
90671958533   10155064009463534
90671958533   10155064616133534
90671958533   10155068244978534
90671958533   10155069106243534
90671958533   10155071172198534
90671958533   10155071951383534
90671958533   10155072291353534
90671958533   10155073916058534
90671958533   10155074013873534
90671958533   10155074664763534
90671958533   10155079829073534
90671958533   10155079829753534
90671958533   10155082560138534
90671958533   10155086270233534
90671958533   10155086960768534
90671958533   10155087260148534
90671958533   10155089095378534
90671958533   10155090047673534
90671958533   10155092283748534
90671958533   10155093055243534
90671958533   10155093325853534
90671958533   10155096077853534
90671958533   10155104082478534
90671958533   10155105243698534
90671958533   10155106989998534
90671958533   10155107170653534
90671958533   10155109991248534
90671958533   10155110615878534
90671958533   10155112778158534
90671958533   10155113104243534
90671958533   10155115329978534
90671958533   10155116027943534
90671958533   10155116175838534
90671958533   10155117763878534
90671958533   10155123137448534
90671958533   10155123745153534
90671958533   10155124148308534
90671958533   10155125942583534
90671958533   10155126283543534
90671958533   10155126342328534
90671958533   10155127077283534
90671958533   10155129564828534
90671958533   10155130652023534
90671958533   10155131241793534
90671958533   10155134102903534
90671958533   10155134626503534
90671958533   10155137852988534
90671958533   10155138994963534
90671958533   10155140010363534
90671958533   10155148153318534
90671958533   10155148748563534
90671958533   10155150560098534
90671958533   10155151336258534
90671958533   10155153343343534
90671958533   10155153436973534
90671958533   10155155671518534
90671958533   10155156521138534
90671958533   10155158772823534
90671958533   10155159506768534
90671958533   10155167033228534
90671958533   10155167630233534
90671958533   10155169591758534
90671958533   10155169786738534
90671958533   10155172225413534
90671958533   10155172451978534
90671958533   10155174657323534
90671958533   10155175289718534
90671958533   10155175574158534
90671958533   10155178966698534
90671958533   10155188173198534
90671958533   10155188254168534
90671958533   10155189920503534
90671958533   10155190540213534
90671958533   10155191135178534
90671958533   10155193690123534
90671958533   10155197748568534
90671958533   10155198511178534
90671958533   10155199515228534
90671958533   10155201362953534
90671958533   10155202442598534
90671958533   10155215045033534
90671958533   10155215410308534
90671958533   10155217720618534
90671958533   10155217859508534
90671958533   10155220605978534
90671958533   10155221234713534
90671958533   10155221340408534
90671958533   10155223434623534
90671958533   10155224246188534
90671958533   10155224891753534
90671958533   10155226356613534
90671958533   10155227323773534
90671958533   10155230951373534
90671958533   10155236158113534
90671958533   10155236843188534
90671958533   10155237225813534
90671958533   10155239142278534
90671958533   10155239517973534
90671958533   10155239999913534
90671958533   10155242315848534
90671958533   10155243362913534
90671958533   10155243552593534
90671958533   10155246007643534
90671958533   10155246443983534
90671958533   10155247035588534
90671958533   10155249152068534
90671958533   10155249655198534
90671958533   10155250018538534
90671958533   10155258593943534
90671958533   10155259338643534
90671958533   10155259361593534
90671958533   10155261365063534
90671958533   10155261843503534
90671958533   10155264002843534
90671958533   10155264322583534
90671958533   10155264787713534
90671958533   10155264941128534
90671958533   10155266710308534
90671958533   10155267441728534
90671958533   10155269664593534
90671958533   10155270562193534
90671958533   10155272671453534
90671958533   10155273901833534
90671958533   10155277825223534
90671958533   10155278240248534
90671958533   10155278269833534
90671958533   10155280512483534
90671958533   10155282019088534
90671958533   10155282298663534
90671958533   10155284603948534
90671958533   10155288620513534
90671958533   10155288976058534
90671958533   10155293065108534
90671958533   10155293912518534
90671958533   10155294244473534
90671958533   10155296626148534
90671958533   10155303292193534
90671958533   10155304177008534
90671958533   10155304665888534
90671958533   10155305157853534
90671958533   10155307955528534
90671958533   10155310748283534
90671958533   10155311285528534
90671958533   10155311448808534
90671958533   10155312002548534
90671958533   10155314533403534
90671958533   10155315285373534
90671958533   10155317827223534
90671958533   10155318929868534
90671958533   10155329748348534
90671958533   10155330586743534
90671958533   10155332816518534
90671958533   10155333573843534
90671958533   10155334219753534
90671958533   10155337236223534
90671958533   10155339618733534
90671958533   10155340632483534
90671958533   10155340840813534
90671958533   10155342869148534
90671958533   10155343974408534
90671958533   10155346548253534
90671958533   10155352763413534
90671958533   10155352966218534
90671958533   10155355912058534
90671958533   10155356681488534
90671958533   10155358877623534
90671958533   10155359813553534
90671958533   10155362003088534
90671958533   10155362851408534
90671958533   10155365167223534
90671958533   10155366328943534
90671958533   10155379341968534
90671958533   10155380116278534
90671958533   10155382295143534
90671958533   10155382389618534
90671958533   10155383025758534
90671958533   10155385116258534
90671958533   10155385954998534
90671958533   10155388172448534
90671958533   10155388958723534
90671958533   10155391169278534
90671958533   10155391950873534
90671958533   10155400141368534
90671958533   10155401305648534
90671958533   10155404146033534
90671958533   10155405171818534
90671958533   10155407517843534
90671958533   10155408161758534
90671958533   10155408661183534
90671958533   10155410916198534
90671958533   10155411661743534
90671958533   10155413750668534
90671958533   10155414664223534
90671958533   10155420459003534
90671958533   10155424027798534
90671958533   10155424925948534
90671958533   10155427550193534
90671958533   10155428378638534
90671958533   10155431087773534
90671958533   10155431478453534
90671958533   10155434416748534
90671958533   10155434839608534
90671958533   10155436850258534
90671958533   10155437814183534
90671958533   10155446316153534
90671958533   10155447226498534
90671958533   10155449579063534
90671958533   10155450417588534
90671958533   10155452126378534
90671958533   10155453101343534
90671958533   10155456082618534
90671958533   10155456359658534
90671958533   10155456836223534
90671958533   10155459366443534
90671958533   10155460337588534
90671958533   10155469152358534
90671958533   10155470854923534
90671958533   10155472823198534
90671958533   10155475649518534
90671958533   10155476384448534
90671958533   10155478672888534
90671958533   10155479663393534
90671958533   10155480733758534
90671958533   10155483078673534
90671958533   10155483396083534
90671958533   10155493302563534
90671958533   10155494005598534
90671958533   10155494435568534
90671958533   10155497433653534
90671958533   10155498444563534
90671958533   10155501211348534
90671958533   10155502105643534
90671958533   10155504739688534
90671958533   10155508113443534
90671958533   10155508240978534
90671958533   10155508865543534
90671958533   10155517999448534
90671958533   10155518045588534
90671958533   10155518800423534
90671958533   10155521056638534
90671958533   10155521899273534
90671958533   10155524214828534
90671958533   10155524985823534
90671958533   10155527373043534
90671958533   10155527861523534
90671958533   10155530648133534
90671958533   10155531672588534
90671958533   10155536802418534
90671958533   10155537206463534
90671958533   10155540560758534
90671958533   10155543471968534
90671958533   10155544308638534
90671958533   10155544739783534
90671958533   10155546768753534
90671958533   10155547604653534
90671958533   10155547701003534
90671958533   10155550932098534
90671958533   10155553308348534
90671958533   10155553487913534
90671958533   10155554419883534
90671958533   10155560848863534
90671958533   10155563921908534
90671958533   10155566428578534
90671958533   10155567268563534
90671958533   10155570627518534
90671958533   10155571728138534
90671958533   10155574448933534
90671958533   10155575579803534
90671958533   10155578189228534
90671958533   10155579252528534
90671958533   10155590621378534
90671958533   10155591684823534
90671958533   10155594075893534
90671958533   10155598187873534
90671958533   10155599187943534
90671958533   10155601970428534
90671958533   10155603091538534
90671958533   10155605677068534
90671958533   10155606792668534
90671958533   10155611483628534
90671958533   10155617250338534
90671958533   10155617981403534
90671958533   10155620336203534
90671958533   10155621467963534
90671958533   10155623915478534
90671958533   10155624866158534
90671958533   10155627527968534
90671958533   10155628391193534
90671958533   10155630952543534
90671958533   10155631951363534
90671958533   10155643389558534
90671958533   10155643523473534
90671958533   10155644307403534
90671958533   10155646548078534
90671958533   10155647596688534
90671958533   10155649987803534
