241760048297   10156823046103298
241760048297   10156824980888298
241760048297   10156826442423298
241760048297   10156829750533298
241760048297   10156832029743298
241760048297   10156833147058298
24922591487   10154691976646488
24922591487   10154694870931488
24922591487   10154695104971488
24922591487   10154695218776488
24922591487   10154697939506488
24922591487   10154698328221488
24922591487   10154700659246488
24922591487   10154703561236488
24922591487   10154703609036488
24922591487   10154706213291488
24922591487   10154706280001488
24922591487   10154711526331488
24922591487   10154714599876488
24922591487   10154719704431488
24922591487   10154724132376488
24922591487   10154727281171488
24922591487   10154727791536488
24922591487   10154728485306488
24922591487   10154730199271488
24922591487   10154733024556488
24922591487   10154738295666488
24922591487   10154738794556488
24922591487   10154741343341488
24922591487   10154744632706488
24922591487   10154746477201488
24922591487   10154746741241488
24922591487   10154749656731488
24922591487   10154757009186488
24922591487   10154757215936488
24922591487   10154757790396488
24922591487   10154761631156488
24922591487   10154761814571488
24922591487   10154766972486488
24922591487   10154770374766488
24922591487   10154777274661488
24922591487   10154782854481488
24922591487   10154783282146488
24922591487   10154785352516488
24922591487   10154785573741488
24922591487   10154785791986488
24922591487   10154785958831488
24922591487   10154788296136488
24922591487   10154788464371488
24922591487   10154788851011488
24922591487   10154791114361488
24922591487   10154793917556488
24922591487   10154796459711488
24922591487   10154799727871488
24922591487   10154802448071488
24922591487   10154803162366488
24922591487   10154805619586488
24922591487   10154808006036488
24922591487   10154808011876488
24922591487   10154808171501488
24922591487   10154808630961488
24922591487   10154810553926488
24922591487   10154810685586488
24922591487   10154816075216488
24922591487   10154816171341488
24922591487   10154818256001488
24922591487   10154818851481488
24922591487   10154821112456488
24922591487   10154827856281488
24922591487   10154832402086488
24922591487   10154834732491488
24922591487   10154840455951488
24922591487   10154840731186488
24922591487   10154841622561488
24922591487   10154845454006488
24922591487   10154845769466488
24922591487   10154851385266488
24922591487   10154852930976488
24922591487   10154855726496488
24922591487   10154855922641488
24922591487   10154858714861488
24922591487   10154860797296488
24922591487   10154863219001488
24922591487   10154863442001488
24922591487   10154863571791488
24922591487   10154866070036488
24922591487   10154868957366488
24922591487   10154872207521488
24922591487   10154875335956488
24922591487   10154875367051488
24922591487   10154878613201488
24922591487   10154881000251488
24922591487   10154888082621488
24922591487   10154888437716488
24922591487   10154892593701488
24922591487   10154893819046488
24922591487   10154900732961488
24922591487   10154901305311488
24922591487   10154903994616488
24922591487   10154904074221488
24922591487   10154904586061488
24922591487   10154906544666488
24922591487   10154906692506488
24922591487   10154912708376488
24922591487   10154913868286488
24922591487   10154916270631488
24922591487   10154920165096488
24922591487   10154925244056488
24922591487   10154931152791488
24922591487   10154931497821488
24922591487   10154931740306488
24922591487   10154933920741488
24922591487   10154937100266488
24922591487   10154937364481488
24922591487   10154938090251488
24922591487   10154939961411488
24922591487   10154948279431488
24922591487   10154948505696488
24922591487   10154950012746488
24922591487   10154950675466488
24922591487   10154951241666488
24922591487   10154954245286488
24922591487   10154956246676488
24922591487   10154962486296488
24922591487   10154968084426488
24922591487   10154971780201488
24922591487   10154975288451488
24922591487   10154975518431488
24922591487   10154976129676488
24922591487   10154976353646488
24922591487   10154979149631488
24922591487   10154979163356488
24922591487   10154983292776488
24922591487   10154983659026488
24922591487   10154984206321488
24922591487   10154987346346488
24922591487   10154987558286488
24922591487   10154990644791488
24922591487   10154990872691488
24922591487   10154991012496488
24922591487   10154993729566488
24922591487   10154993925066488
24922591487   10155000755471488
24922591487   10155000775811488
24922591487   10155001045071488
24922591487   10155005026641488
24922591487   10155005056221488
24922591487   10155005566241488
24922591487   10155005849526488
24922591487   10155008127786488
24922591487   10155009148951488
24922591487   10155011544676488
24922591487   10155012840366488
24922591487   10155015032756488
24922591487   10155019138081488
24922591487   10155019388906488
24922591487   10155021750926488
24922591487   10155028078626488
24922591487   10155028442551488
24922591487   10155028739896488
24922591487   10155031166996488
24922591487   10155032061476488
24922591487   10155033886551488
24922591487   10155034491496488
24922591487   10155034608746488
24922591487   10155036747196488
24922591487   10155040120991488
24922591487   10155040604966488
24922591487   10155043023306488
24922591487   10155043352116488
24922591487   10155043742811488
24922591487   10155043947341488
24922591487   10155046057511488
24922591487   10155046164201488
24922591487   10155046446031488
24922591487   10155046598491488
24922591487   10155048117246488
24922591487   10155048650326488
24922591487   10155051555886488
24922591487   10155052273436488
24922591487   10155052338056488
24922591487   10155054017306488
24922591487   10155057198476488
24922591487   10155057844411488
24922591487   10155060790421488
24922591487   10155061626956488
24922591487   10155064019296488
24922591487   10155067078096488
24922591487   10155067108926488
24922591487   10155067278746488
24922591487   10155070872601488
24922591487   10155071057886488
24922591487   10155072823736488
24922591487   10155076648031488
24922591487   10155082990201488
24922591487   10155083207531488
24922591487   10155083291541488
24922591487   10155084033451488
24922591487   10155087015701488
24922591487   10155089105271488
24922591487   10155089483496488
24922591487   10155089947431488
24922591487   10155092436561488
24922591487   10155095342461488
24922591487   10155096027856488
24922591487   10155098527406488
24922591487   10155101546936488
24922591487   10155104870131488
24922591487   10155106258396488
24922591487   10155111835556488
24922591487   10155112019346488
24922591487   10155112599771488
24922591487   10155112804371488
24922591487   10155115496466488
24922591487   10155117833421488
24922591487   10155118375431488
24922591487   10155118497931488
24922591487   10155120993571488
24922591487   10155127337126488
24922591487   10155130384231488
24922591487   10155130681321488
24922591487   10155132527241488
24922591487   10155132596921488
24922591487   10155132789121488
24922591487   10155135376321488
24922591487   10155136578681488
24922591487   10155138716371488
24922591487   10155139024171488
24922591487   10155141434316488
24922591487   10155142544811488
24922591487   10155144590741488
24922591487   10155150327686488
24922591487   10155153322321488
24922591487   10155153604891488
24922591487   10155153890741488
24922591487   10155157363986488
24922591487   10155157519636488
24922591487   10155159320911488
24922591487   10155159413386488
24922591487   10155169830781488
24922591487   10155170571271488
24922591487   10155172833906488
24922591487   10155173177151488
24922591487   10155176609571488
24922591487   10155177718956488
24922591487   10155178825991488
24922591487   10155179221711488
24922591487   10155183070696488
24922591487   10155185439676488
24922591487   10155189561131488
24922591487   10155191827956488
24922591487   10155195615596488
24922591487   10155198411786488
24922591487   10155202149471488
24922591487   10155203032281488
24922591487   10155211494726488
24922591487   10155216111521488
24922591487   10155222458831488
24922591487   10155226819031488
24922591487   10155226860296488
24922591487   10155233095406488
24922591487   10155239572351488
24922591487   10155242807836488
24922591487   10155243250366488
24922591487   10155243638351488
24922591487   10155243703526488
24922591487   10155252261286488
24922591487   10155253317191488
24922591487   10155256578711488
24922591487   10155260632476488
24922591487   10155264161291488
24922591487   10155268929346488
24922591487   10155268945151488
24922591487   10155273264791488
24922591487   10155276526216488
24922591487   10155276956731488
24922591487   10155283662826488
24922591487   10155290165726488
24922591487   10155294931656488
24922591487   10155300996986488
24922591487   10155301200091488
24922591487   10155304845171488
24922591487   10155304959326488
24922591487   10155305641111488
24922591487   10155308510766488
24922591487   10155313481431488
24922591487   10155317584611488
24922591487   10155324454366488
24922591487   10155325264051488
24922591487   10155328306991488
24922591487   10155328582096488
24922591487   10155328727246488
24922591487   10155328936356488
24922591487   10155336109866488
24922591487   10155336460071488
24922591487   10155342872456488
24922591487   10155346445691488
24922591487   10155346660386488
24922591487   10155347467541488
24922591487   10155352319966488
24922591487   10155355035851488
24922591487   10155357808061488
24922591487   10155361482831488
24922591487   10155361940566488
24922591487   10155367125426488
24922591487   10155369646426488
24922591487   10155369972681488
24922591487   10155372593251488
24922591487   10155372813751488
24922591487   10155373380046488
24922591487   10155373406226488
24922591487   10155375167346488
24922591487   10155375358621488
24922591487   10155381224426488
24922591487   10155381667071488
24922591487   10155384462741488
24922591487   10155387665656488
24922591487   10155390504831488
24922591487   10155391611986488
24922591487   10155393309036488
24922591487   10155396677421488
24922591487   10155397148176488
24922591487   10155399282756488
24922591487   10155399815786488
24922591487   10155400210596488
24922591487   10155408082791488
24922591487   10155411280746488
24922591487   10155413829631488
24922591487   10155414069031488
24922591487   10155416576141488
24922591487   10155416606166488
24922591487   10155420091296488
24922591487   10155420319421488
24922591487   10155420389061488
24922591487   10155423426676488
24922591487   10155429337966488
24922591487   10155434157781488
24922591487   10155440320851488
24922591487   10155446460351488
24922591487   10155450962876488
24922591487   10155451764366488
24922591487   10155454614761488
24922591487   10155455774671488
24922591487   10155458501846488
24922591487   10155461684351488
24922591487   10155461887221488
24922591487   10155462236046488
24922591487   10155462504126488
24922591487   10155464712941488
24922591487   10155465407291488
24922591487   10155467118001488
24922591487   10155467237911488
24922591487   10155470285031488
24922591487   10155475963626488
24922591487   10155476453101488
24922591487   10155480460371488
24922591487   10155480877311488
24922591487   10155482494391488
24922591487   10155483121686488
24922591487   10155483598341488
24922591487   10155488386336488
24922591487   10155490950826488
24922591487   10155491716706488
24922591487   10155493496876488
24922591487   10155493872416488
24922591487   10155495600286488
24922591487   10155496044826488
24922591487   10155501506236488
24922591487   10155503676051488
24922591487   10155505205381488
24922591487   10155512356061488
24922591487   10155512525736488
24922591487   10155518265001488
24922591487   10155518470206488
24922591487   10155518905221488
24922591487   10155524317251488
24922591487   10155533115396488
24922591487   10155534029546488
24922591487   10155538299481488
24922591487   10155538485986488
24922591487   10155540752791488
24922591487   10155540931286488
24922591487   10155541500621488
24922591487   10155541953286488
24922591487   10155543631121488
24922591487   10155544050896488
24922591487   10155548698661488
271902080532   10154604334050369
271902080532   10154660473300369
271902080532   10154667037155369
271902080532   10154731013250369
271902080532   10154899080105369
271902080532   10155062240165369
271902080532   10158141856920533
271902080532   10158153854130533
271902080532   10158157936720533
271902080532   10158255146300533
271902080532   10158255287630533
271902080532   10158272379650533
271902080532   10158286805930533
271902080532   10158291198025533
271902080532   10158327975650533
271902080532   10158349506270533
271902080532   10158354726810533
271902080532   10158365647275533
271902080532   10158371964435533
271902080532   10158404262670533
271902080532   10158418158960533
271902080532   10158421635465533
271902080532   10158461913815533
271902080532   10158468596250533
271902080532   10158468616435533
271902080532   10158484599475533
271902080532   10158490597480533
271902080532   10158493598785533
271902080532   10158506681905533
271902080532   10158520168020533
271902080532   10158555455790533
271902080532   10158555647395533
271902080532   10158561093615533
271902080532   10158587862550533
271902080532   10158603596645533
271902080532   10158603674470533
271902080532   10158625831315533
271902080532   10158628312860533
271902080532   10158628433310533
271902080532   10158678652425533
271902080532   10158681204505533
271902080532   10158681388005533
271902080532   10158722645100533
271902080532   10158741770090533
271902080532   10158744431875533
271902080532   10158755441030533
271902080532   10158773868075533
271902080532   10158818147435533
271902080532   10158822344325533
271902080532   10158853778585533
271902080532   10158894897135533
271902080532   10158926447740533
271902080532   10158926986905533
271902080532   10158927172165533
271902080532   10158927231660533
271902080532   10158960312350533
271902080532   10158964569215533
271902080532   10158970828635533
271902080532   10159098179695533
271902080532   10159116598210533
271902080532   10159165226595533
271902080532   10159165904680533
271902080532   10159165913625533
271902080532   10159166449610533
271902080532   10159201949785533
271902080532   10159205530450533
271902080532   10159236705205533
271902080532   10159274251495533
271902080532   10159307214520533
271902080532   10159340066565533
271902080532   10159431737810533
271902080532   10159432420870533
271902080532   10159432444865533
271902080532   10159495385935533
271902080532   1652833431399655
271902080532   1870781379864114
28488837485   10154883374512486
28488837485   10154885223747486
28488837485   10154889539647486
28488837485   10154892666597486
28488837485   10154894941792486
28488837485   10154895792607486
28488837485   10154906360197486
28488837485   10154906615282486
28488837485   10154909760812486
28488837485   10154910031642486
28488837485   10154910167772486
28488837485   10154911723622486
28488837485   10154923515937486
28488837485   10154932055872486
28488837485   10154932387352486
28488837485   10154938708932486
28488837485   10154947531882486
28488837485   10154953309262486
28488837485   10154956688837486
28488837485   10154957923822486
28488837485   10154960366272486
28488837485   10154964020307486
28488837485   10154966829262486
28488837485   10154969981827486
28488837485   10154979798582486
28488837485   10154980997572486
28488837485   10154987907842486
28488837485   10154990881367486
28488837485   10154993102317486
28488837485   10154995290467486
28488837485   10154998551372486
28488837485   10154998632437486
28488837485   10155002217732486
28488837485   10155002400922486
28488837485   10155007910317486
28488837485   10155010427702486
28488837485   10155013464732486
28488837485   10155015417282486
28488837485   10155016128272486
28488837485   10155018465492486
28488837485   10155023224297486
28488837485   10155025691622486
28488837485   10155030478217486
28488837485   10155033898547486
28488837485   10155037842932486
28488837485   10155041673122486
28488837485   10155044931852486
28488837485   10155050767757486
28488837485   10155053019037486
28488837485   10155056304617486
28488837485   10155059040867486
28488837485   10155060659097486
28488837485   10155060717557486
28488837485   10155063132937486
28488837485   10155065987882486
28488837485   10155066365247486
28488837485   10155070921987486
28488837485   10155071924507486
28488837485   10155075645567486
28488837485   10155077752917486
28488837485   10155080945292486
28488837485   10155085927472486
28488837485   10155090040517486
28488837485   10155097184127486
28488837485   10155103196072486
28488837485   10155107589657486
28488837485   10155110217017486
28488837485   10155112178982486
28488837485   10155112313977486
28488837485   10155113357117486
28488837485   10155114654597486
28488837485   10155115279617486
28488837485   10155116251167486
28488837485   10155118882477486
28488837485   10155126398547486
28488837485   10155129733037486
28488837485   10155133716632486
28488837485   10155135995047486
28488837485   10155136708212486
28488837485   10155138712757486
28488837485   10155138732432486
28488837485   10155139578022486
28488837485   10155150802367486
28488837485   10155153882142486
28488837485   10155156056837486
28488837485   10155165451132486
28488837485   10155167898827486
28488837485   10155167931792486
28488837485   10155173267042486
28488837485   10155177313552486
28488837485   10155178283102486
28488837485   10155181022047486
28488837485   10155188074082486
28488837485   10155191848932486
28488837485   10155194812322486
28488837485   10155195201907486
28488837485   10155195221767486
28488837485   10155203943807486
28488837485   10155206992887486
28488837485   10155219700047486
28488837485   10155224831357486
28488837485   10155228152267486
28488837485   10155230555282486
28488837485   10155234140042486
28488837485   10155234141567486
28488837485   10155237486497486
28488837485   10155237491642486
28488837485   10155237492362486
28488837485   10155237521797486
28488837485   10155248482132486
28488837485   10155249607047486
28488837485   10155255365602486
28488837485   10155255431752486
28488837485   10155263798207486
28488837485   10155266041697486
28488837485   10155268805607486
28488837485   10155271721747486
28488837485   10155271914662486
28488837485   10155272102902486
28488837485   10155277233662486
28488837485   10155279300697486
28488837485   10155280465182486
28488837485   10155280512232486
28488837485   10155282526947486
28488837485   10155283497527486
28488837485   10155283806312486
28488837485   10155286508337486
28488837485   10155290984272486
28488837485   10155293686622486
28488837485   10155296861937486
28488837485   10155298817407486
28488837485   10155301689532486
28488837485   10155302350137486
28488837485   10155305054957486
28488837485   10155305417352486
28488837485   10155307013132486
28488837485   10155308101457486
28488837485   10155310095262486
28488837485   10155314260047486
28488837485   10155316912242486
28488837485   10155318614647486
28488837485   10155319597062486
28488837485   10155325201332486
28488837485   10155325237877486
28488837485   10155325330387486
28488837485   10155330973867486
28488837485   10155331766247486
28488837485   10155337957562486
28488837485   10155341008452486
28488837485   10155344040152486
28488837485   10155351150137486
28488837485   10155353085642486
28488837485   10155354753412486
28488837485   10155356890382486
28488837485   10155366066772486
28488837485   10155369023687486
28488837485   10155377826437486
28488837485   10155378584022486
28488837485   10155382290302486
28488837485   10155388927607486
28488837485   10155392245982486
28488837485   10155395949952486
28488837485   10155398895102486
28488837485   10155405924957486
28488837485   10155408291727486
28488837485   10155412795602486
28488837485   10155414704867486
28488837485   10155418526632486
28488837485   10155418575987486
28488837485   10155424340357486
28488837485   10155428486702486
28488837485   10155431866047486
28488837485   10155435170692486
28488837485   10155438276532486
28488837485   10155439599442486
28488837485   10155442207442486
28488837485   10155446408407486
28488837485   10155458853267486
28488837485   10155463899177486
28488837485   10155467776807486
28488837485   10155470532237486
28488837485   10155475402542486
28488837485   10155477049612486
28488837485   10155481202152486
28488837485   10155485834647486
28488837485   10155488045107486
28488837485   10155490867937486
28488837485   10155494005982486
28488837485   10155498009332486
28488837485   10155506086457486
28488837485   10155509321087486
28488837485   10155511698377486
28488837485   10155514952567486
28488837485   10155517936227486
28488837485   10155521700402486
28488837485   10155525098412486
28488837485   10155527900092486
28488837485   10155533470342486
28488837485   10155537928132486
28488837485   10155541444242486
28488837485   10155544310072486
28488837485   10155544412387486
28488837485   10155547483792486
28488837485   10155556488707486
28488837485   10155558210327486
28488837485   10155560964147486
28488837485   10155561309912486
28488837485   10155564587817486
28488837485   10155566028942486
28488837485   10155569901247486
28488837485   10155572864827486
28488837485   10155576016987486
28488837485   10155578892827486
28488837485   10155579121932486
28488837485   10155580841117486
28488837485   10155586206617486
28488837485   10155588313897486
28488837485   10155592567932486
28488837485   10155594649637486
28488837485   10155596690767486
28488837485   10155598008207486
28488837485   10155600088742486
28488837485   10155603713277486
28488837485   10155606481947486
28488837485   10155609156752486
28488837485   10155609161227486
28488837485   10155609209677486
28488837485   10155610964432486
28488837485   10155614525587486
28488837485   10155616820897486
28488837485   10155617400712486
28488837485   10155617643982486
28488837485   10155618750692486
28488837485   10155623054967486
28488837485   10155628221022486
28488837485   10155630386497486
28488837485   10155635337057486
28488837485   10155635947952486
28488837485   10155638363817486
28488837485   10155641093542486
28488837485   10155647226857486
28488837485   10155649750637486
28488837485   10155651451367486
28488837485   10155655017027486
28488837485   10155659809647486
28488837485   10155661891112486
28488837485   10155662866862486
28488837485   10155665196862486
28488837485   10155669558767486
28488837485   10155672459872486
28488837485   10155674231417486
28488837485   10155676870552486
28488837485   10155679000362486
28488837485   10155680418962486
28488837485   10155684988612486
28488837485   10155685390757486
28488837485   10155687452462486
28488837485   10155691706482486
28488837485   10155692771837486
28488837485   10155694347837486
28488837485   10155696818007486
28488837485   10155699286167486
28488837485   10155702688092486
28488837485   10155705562702486
28488837485   10155707950462486
28488837485   10155707982077486
28488837485   10155713538717486
28488837485   10155717000017486
28488837485   10155721929062486
28488837485   10155723291597486
323110354399964   1299204386833807
323110354399964   1439810262729962
323110354399964   1476369752407346
323110354399964   1478146198896368
323110354399964   1478232215554433
323110354399964   1478238885553766
323110354399964   1479179995459655
323110354399964   1482124545165200
323110354399964   1485044164873238
323110354399964   1485879454789709
323110354399964   1486706238040364
323110354399964   1491994477511540
323110354399964   1492839287427059
323110354399964   1497317236979264
323110354399964   1497375306973457
323110354399964   1497614596949528
323110354399964   1499451846765803
323110354399964   1500419110002410
323110354399964   1504844212893233
323110354399964   1509624635748524
323110354399964   1510428629001458
323110354399964   1510907092286945
323110354399964   1511613495549638
323110354399964   1513740118670309
323110354399964   1515825788461742
323110354399964   1519272491450405
323110354399964   1519423671435287
323110354399964   1519425124768475
323110354399964   1520366198007701
323110354399964   1521485931229061
323110354399964   1522658061111848
323110354399964   1528830500494604
323110354399964   1529113843799603
323110354399964   1530151963695791
323110354399964   1531579036886417
323110354399964   1532689116775409
323110354399964   1535774109800243
323110354399964   1536048236439497
323110354399964   1537215756322745
323110354399964   1538267319550922
323110354399964   1539992249378429
323110354399964   1543363712374616
323110354399964   1543580495686271
323110354399964   1544741885570132
323110354399964   1546097992101188
323110354399964   1548868781824109
323110354399964   1553891514655169
323110354399964   1554890514555269
323110354399964   1555823671128620
323110354399964   1555988454445475
323110354399964   1556893817688272
323110354399964   1556953964348924
323110354399964   1559057160805271
323110354399964   1560980603946260
323110354399964   1560985270612460
323110354399964   1561089707268683
323110354399964   1562049687172685
323110354399964   1562085877169066
323110354399964   1568969213147399
323110354399964   1568986999812287
323110354399964   1569854443058876
323110354399964   1572877522756568
323110354399964   1573013339409653
323110354399964   1573217176055936
323110354399964   1576149282429392
323110354399964   1576394562404864
323110354399964   1576402969070690
323110354399964   1580711968639790
323110354399964   1581014501942870
323110354399964   1583940588316928
323110354399964   1588120941232226
323110354399964   1588190621225258
323110354399964   1591276304250023
323110354399964   1592252360819084
323110354399964   1593444680699852
323110354399964   1594863100558010
323110354399964   1600415210002799
323110354399964   1602484899795830
323110354399964   1603568959687424
323110354399964   1603755833002070
323110354399964   1607577269286593
323110354399964   1609667675744219
323110354399964   1609684512409202
323110354399964   1609685782409075
323110354399964   1613519718692348
323110354399964   1613726915338295
323110354399964   1616389291738724
323110354399964   1616678361709817
323110354399964   1622301984480788
323110354399964   1627304727313847
323110354399964   1627310873979899
323110354399964   1627331113977875
323110354399964   1629362200441433
323110354399964   1630644846979835
323110354399964   1635664396477880
323110354399964   1638356352875351
323110354399964   1642532222457764
323110354399964   1642539542457032
323110354399964   1643749952335991
323110354399964   1643823732328613
323110354399964   1644619182249068
323110354399964   1646811025363217
323110354399964   1646908922020094
323110354399964   1651282218249431
323110354399964   1654582017919451
323110354399964   1654891191221867
323110354399964   1658189250892061
323110354399964   1660312830679703
323110354399964   1660959060615080
323110354399964   1662539973790322
323110354399964   1665691283475191
323110354399964   1667015283342791
323110354399964   1668271529883833
323110354399964   1669677723076547
323110354399964   1670053996372253
323110354399964   1670071363037183
323110354399964   1676344659076520
323110354399964   1678489388862047
323110354399964   1681753818535604
323110354399964   1683040625073590
323110354399964   1683316831712636
323110354399964   1684412251603094
323110354399964   1685302968180689
323110354399964   1686658824711770
323110354399964   1686897184687934
323110354399964   1690289177682068
323110354399964   1692741114103541
323110354399964   1694046417306344
323110354399964   1699901253387527
323110354399964   1702137553163897
323110354399964   1703220403055612
323110354399964   1706348519409467
323110354399964   1707159702661682
323110354399964   1708463395864646
323110354399964   1710442765666709
323110354399964   1710633782314274
323110354399964   1715100968534222
323110354399964   1716985998345719
323110354399964   1718120301565622
323110354399964   1720871877957131
323110354399964   1722714111106241
323110354399964   1723586151019037
323110354399964   1724420084268977
323110354399964   1727495990628053
323110354399964   1729528750424777
323110354399964   1731591526885166
323110354399964   1735422243168761
323110354399964   1736531866391132
323110354399964   1737434419634210
323110354399964   1738381432872842
323110354399964   1738487416195577
323110354399964   1742201555824163
323110354399964   1742365339141118
323110354399964   1743031325741186
323110354399964   1744969255547393
323110354399964   1754726404571678
323110354399964   1758639527513699
323110354399964   1763125593731759
323110354399964   1845029385756124
323110354399964   553366128204856
323110354399964   620835231457594
325258190922530   1138850552896619
325258190922530   1139700346144973
325258190922530   1141490012632673
325258190922530   1143745322407142
325258190922530   1144498808998460
325258190922530   1151425688305772
325258190922530   1152293308219010
325258190922530   1155148294600178
325258190922530   1156862824428725
325258190922530   1157965390985135
325258190922530   1166509283464079
325258190922530   1170291386419202
325258190922530   1172008509580823
325258190922530   1174729999308674
325258190922530   1175780512536956
325258190922530   1179967638784910
325258190922530   1181282268653447
325258190922530   1185945338187140
325258190922530   1187569571358050
325258190922530   1192768710838136
325258190922530   1193673117414362
325258190922530   1197366090378398
325258190922530   1198632976918376
325258190922530   1199746670140340
325258190922530   1205082566273417
325258190922530   1205896906191983
325258190922530   1211667788948228
325258190922530   1212663938848613
325258190922530   1218466571601683
325258190922530   1219584458156561
325258190922530   1220462601402080
325258190922530   1225284994253174
325258190922530   1227521497362857
325258190922530   1227834510664889
325258190922530   1230181083763565
325258190922530   1233223726792634
325258190922530   1236621669786173
325258190922530   1236771506437856
325258190922530   1242360729212267
325258190922530   1244195012362172
325258190922530   1249239065191100
325258190922530   1252715308176809
325258190922530   1257155734399433
325258190922530   1259305907517749
325258190922530   1260665277381812
325258190922530   1264055863709420
325258190922530   1265739476874392
325258190922530   1266916603423346
325258190922530   1270097426438597
325258190922530   1271028479678825
325258190922530   1271691516279188
325258190922530   1272608676187472
325258190922530   1276535815794758
325258190922530   1277271609054512
325258190922530   1283959398385733
325258190922530   1285629314885408
325258190922530   1286558028125870
325258190922530   1289604247821248
325258190922530   1292556467526026
325258190922530   1292887364159603
325258190922530   1296406963807643
325258190922530   1297509227030750
325258190922530   1299416193506720
325258190922530   1302709576510715
325258190922530   1304969222951417
325258190922530   1306053036176369
325258190922530   1312071332241206
325258190922530   1317436315038041
325258190922530   1325581784223494
325258190922530   1330827720365567
325258190922530   1331504980297841
325258190922530   1333733296741676
325258190922530   1337414026373603
325258190922530   1338344522947220
325258190922530   1338642086250797
325258190922530   1341182575996748
325258190922530   1341185445996461
325258190922530   1341187369329602
325258190922530   1341206029327736
325258190922530   1345206998927639
325258190922530   1352717748176564
325258190922530   1359987690782903
325258190922530   1360137194101286
325258190922530   1361957870585885
325258190922530   1366616593453346
325258190922530   1368665476581791
325258190922530   1373449276103411
325258190922530   1381361881978817
325258190922530   1382706055177733
325258190922530   1384546808326991
325258190922530   1385268581588147
325258190922530   1388770871237918
325258190922530   1390049437776728
325258190922530   1390969057684766
325258190922530   1393218227459849
325258190922530   1395866703861668
325258190922530   1399532443495094
325258190922530   1401182006663471
325258190922530   1402017116579960
325258190922530   1405277012920637
325258190922530   1407593722688966
325258190922530   1944720979181964
325258190922530   223563621447395
326974419055   10152254170484056
326974419055   10154788005237734
326974419055   10154791052212734
326974419055   10154829305614056
326974419055   10155607014039056
326974419055   10155628803219056
326974419055   10155629819704056
326974419055   10155629948324056
326974419055   10155632836424056
326974419055   10155637198119056
326974419055   10155639901834056
326974419055   10155640281634056
326974419055   10155640620604056
326974419055   10155647205484056
326974419055   10155653949054056
326974419055   10155655864279056
326974419055   10155656031829056
326974419055   10155656903899056
326974419055   10155661346639056
326974419055   10155665027404056
326974419055   10155666057189056
326974419055   10155669902149056
326974419055   10155680568254056
326974419055   10155683360099056
326974419055   10155686857554056
326974419055   10155691021209056
326974419055   10155721786794056
326974419055   10155722917419056
326974419055   10155732040349056
326974419055   10155743454614056
326974419055   10155743906339056
326974419055   10155747223574056
326974419055   10155747496494056
326974419055   10155747566984056
326974419055   10155750592624056
326974419055   10155754591994056
326974419055   10155755818989056
326974419055   10155757506019056
326974419055   10155757691784056
326974419055   10155757924929056
326974419055   10155758304294056
326974419055   10155763273259056
326974419055   10155765599059056
326974419055   10155769818619056
326974419055   10155771784524056
326974419055   10155772012534056
326974419055   10155772094894056
326974419055   10155787920389056
326974419055   10155791777469056
326974419055   10155801106849056
326974419055   10155805545599056
326974419055   10155808435494056
326974419055   10155809190294056
326974419055   10155809556299056
326974419055   10155812480474056
326974419055   10155821205009056
326974419055   10155821984599056
326974419055   10155822105069056
326974419055   10155822304504056
326974419055   10155823484259056
326974419055   10155831651609056
326974419055   10155834730449056
326974419055   10155835005209056
326974419055   10155840126114056
326974419055   10155840913419056
326974419055   10155841357114056
326974419055   10155843965579056
326974419055   10155844818634056
326974419055   10155844936999056
326974419055   10155845259399056
326974419055   10155855404714056
326974419055   10155867266054056
326974419055   10155867668424056
326974419055   10155889744044056
326974419055   10155895028594056
326974419055   10155898092604056
326974419055   10155904014949056
326974419055   10155915132144056
326974419055   10155923628669056
326974419055   10155926013184056
326974419055   10155926881349056
326974419055   10155929749484056
326974419055   10155930276519056
326974419055   10155933100809056
326974419055   10155936601189056
326974419055   10155938056079056
326974419055   10155941367869056
326974419055   10155943813824056
326974419055   10155944954664056
326974419055   10155947219554056
326974419055   10155950488854056
326974419055   10155951088094056
326974419055   10155954380619056
326974419055   10155955003284056
326974419055   10155956957154056
326974419055   10155957458329056
326974419055   10155957609674056
326974419055   10155957947534056
326974419055   10155958106099056
326974419055   10155958268874056
326974419055   10155958584984056
326974419055   10155960126164056
326974419055   10155960405844056
326974419055   10155960695939056
326974419055   10155961180134056
326974419055   10155964016499056
326974419055   10155965169049056
326974419055   10155965379664056
326974419055   10155968150939056
326974419055   10155968469979056
326974419055   10155968766309056
326974419055   10155972179749056
326974419055   10155976674499056
326974419055   10155977158359056
326974419055   10155977719154056
326974419055   10155978485889056
326974419055   10155978596284056
326974419055   10155979543404056
326974419055   10155982138234056
326974419055   10155982867064056
326974419055   10155983535204056
326974419055   10155986205464056
326974419055   10155986569819056
326974419055   10155986647419056
326974419055   10155987546679056
326974419055   10155990266459056
326974419055   10155994892859056
326974419055   10156007388139056
326974419055   10156007738504056
326974419055   10156008360414056
326974419055   10156011850639056
326974419055   10156019765834056
326974419055   10156031532994056
326974419055   10156039393404056
326974419055   10156042256649056
326974419055   10156053275869056
326974419055   10156056694604056
326974419055   10156059475789056
326974419055   10156059649874056
326974419055   10156060830904056
326974419055   10156063973564056
326974419055   10156068869884056
326974419055   10156068879604056
326974419055   10156074142114056
326974419055   10156078198659056
326974419055   10156078531759056
326974419055   10156085664424056
326974419055   10156089498914056
326974419055   10156098897744056
326974419055   10156103452159056
326974419055   10156116841819056
326974419055   10156119700669056
326974419055   10156125538624056
326974419055   10156127748079056
326974419055   10156128419734056
326974419055   10156128725374056
326974419055   10156139161549056
326974419055   10156142952779056
326974419055   10156143808469056
326974419055   10156146911289056
326974419055   10156148066454056
326974419055   10156158441219056
326974419055   10156160097349056
326974419055   10156165718259056
326974419055   10156166263859056
326974419055   10156181274594056
326974419055   10156194381684056
326974419055   10156197645059056
326974419055   10156197844494056
326974419055   10156207285569056
326974419055   10156210142919056
326974419055   10156210384249056
326974419055   10156215054249056
326974419055   10156219281194056
326974419055   10156234974739056
326974419055   10156248725334056
326974419055   10156256004914056
326974419055   10156264626714056
326974419055   10156264724784056
326974419055   10156264828449056
326974419055   10156268384779056
326974419055   10156268550169056
326974419055   10156275472849056
326974419055   10156277150684056
326974419055   10156288455714056
326974419055   10156297303644056
326974419055   10156297809949056
326974419055   10156298832089056
326974419055   10156299511984056
326974419055   10156300341529056
326974419055   10156303765789056
326974419055   10156310814069056
326974419055   10156316238279056
326974419055   10156322305664056
326974419055   10156326030134056
326974419055   10156330292374056
326974419055   10156331501894056
326974419055   10156335130959056
326974419055   10156339337189056
326974419055   10156345112484056
326974419055   10156351400179056
326974419055   10156359925529056
326974419055   10156364242899056
326974419055   10156367580664056
326974419055   10156367766564056
326974419055   10156367792639056
326974419055   10156373642054056
326974419055   10156376719619056
326974419055   10156379178554056
326974419055   10156382793214056
326974419055   10156386826289056
326974419055   10156394757114056
326974419055   10156394757134056
326974419055   10156394757244056
326974419055   10156395982919056
326974419055   10156396629449056
326974419055   10156400509234056
326974419055   10156400755859056
326974419055   10156400885264056
326974419055   10156401601569056
326974419055   10156403756099056
326974419055   10156403831169056
326974419055   10156404600399056
326974419055   10156404807899056
326974419055   10156405202439056
326974419055   10156408516039056
326974419055   10156408751484056
326974419055   10156409702639056
326974419055   10156412730449056
326974419055   10156413572644056
326974419055   10156418477224056
326974419055   10156421891629056
326974419055   10156423142564056
326974419055   10156426001989056
326974419055   10156431033444056
326974419055   10156440929779056
326974419055   10156450669989056
326974419055   10156465278619056
326974419055   10156466285189056
326974419055   10156469255544056
326974419055   10156479706454056
326974419055   10156479827179056
326974419055   10156486823189056
326974419055   10156494550394056
326974419055   10156504923529056
326974419055   10156512860104056
326974419055   10156518278989056
326974419055   10156518972299056
326974419055   10156521578409056
326974419055   10156524846829056
326974419055   10156529508464056
326974419055   10156531762784056
326974419055   10156542922934056
326974419055   10156546389939056
326974419055   10156549190329056
326974419055   10156553734949056
326974419055   10156556511604056
326974419055   10156566872884056
326974419055   10156566991994056
326974419055   10156570130329056
326974419055   10156574823919056
326974419055   10156577555824056
326974419055   10156584535529056
326974419055   10156588761564056
326974419055   10156588929734056
326974419055   10156590935344056
326974419055   10156592648919056
326974419055   10156596160799056
326974419055   10156597438644056
326974419055   10156597729209056
326974419055   10156601417494056
326974419055   10156604952699056
326974419055   10156605266954056
326974419055   10156609373949056
326974419055   10156621673659056
326974419055   10156624603549056
326974419055   10156629344544056
326974419055   10156634257064056
326974419055   10156642803219056
326974419055   10156647030779056
326974419055   10156649574934056
326974419055   1480755388611700
326974419055   1520320564693814
337363685362   10157941389010363
337363685362   10157948293350363
337363685362   10157952863900363
337363685362   10157953572475363
337363685362   10157990143720363
337363685362   10157990152735363
337363685362   10158016589665363
337363685362   10158045491630363
337363685362   10158045535820363
337363685362   10158058815650363
337363685362   10158065048465363
337363685362   10158069157885363
337363685362   10158069788705363
337363685362   10158070426520363
337363685362   10158081725945363
337363685362   10158081752285363
337363685362   10158089404535363
337363685362   10158122672915363
337363685362   10158137027680363
337363685362   10158148683510363
337363685362   10158153309585363
337363685362   10158195551010363
337363685362   10158205332255363
337363685362   10158231221375363
337363685362   10158237512760363
337363685362   10158237527515363
337363685362   10158239277410363
337363685362   10158250936435363
337363685362   10158256406380363
337363685362   10158261041340363
337363685362   10158261441410363
337363685362   10158267153865363
337363685362   10158272607075363
337363685362   10158293000360363
337363685362   10158293369605363
337363685362   10158293417430363
337363685362   10158293436965363
337363685362   10158293562875363
337363685362   10158297276750363
337363685362   10158298943330363
337363685362   10158299058145363
337363685362   10158299061880363
337363685362   10158299122535363
337363685362   10158299288710363
337363685362   10158302040155363
337363685362   10158303057030363
337363685362   10158303176975363
337363685362   10158306921125363
337363685362   10158307517425363
337363685362   10158355220290363
337363685362   10158370902235363
337363685362   10158372854865363
337363685362   10158372858020363
337363685362   10158372861905363
337363685362   10158386698875363
337363685362   10158386882000363
337363685362   10158386891015363
337363685362   10158387842960363
337363685362   10158388316040363
337363685362   10158388345580363
337363685362   10158408585105363
337363685362   10158409058450363
337363685362   10158409065115363
337363685362   10158425813215363
337363685362   10158448303290363
337363685362   10158476530930363
337363685362   10158481915725363
337363685362   10158488045265363
337363685362   10158506704390363
337363685362   10158538074155363
337363685362   10158575913400363
337363685362   10158582580695363
337363685362   10158607670965363
337363685362   10158607685475363
337363685362   10158607693220363
337363685362   10158650621010363
337363685362   10158650631190363
337363685362   10158653373055363
337363685362   10158684014010363
337363685362   10158693140465363
337363685362   10158735165240363
337363685362   10158735330690363
337363685362   10158750302690363
337363685362   10158756997660363
337363685362   10158761350110363
337363685362   10158793187060363
337363685362   10158799207720363
337363685362   10158802818855363
337363685362   10158807843390363
337363685362   10158823388120363
337363685362   10158823444265363
337363685362   10158823561305363
337363685362   10158823625525363
337363685362   10158881257865363
337363685362   10158910320310363
337363685362   10158915667345363
337363685362   10158928069510363
337363685362   10158952198465363
337363685362   10158963364240363
337363685362   10158992904660363
337363685362   10158997142300363
337363685362   10159009231055363
337363685362   10159073078200363
337363685362   10159073558040363
337363685362   10159074510850363
337363685362   10159074958525363
337363685362   10159091480860363
337363685362   10159102740260363
337363685362   10159104403565363
337363685362   10159126344855363
337363685362   10159126515600363
337363685362   10159127713970363
337363685362   10159141672965363
337363685362   10159158181120363
337363685362   10159158653705363
337363685362   10159162436555363
337363685362   10159162472480363
337363685362   10159162476570363
337363685362   10159168726635363
337363685362   10159199190725363
337363685362   10159200940935363
337363685362   10159203523060363
337363685362   10159204413915363
337363685362   10159217575380363
337363685362   10159234117640363
337363685362   10159245329755363
337363685362   10159245409360363
337363685362   10159250730910363
337363685362   10159260308515363
337363685362   10159260412105363
337363685362   10159260424975363
337363685362   10159269338620363
337363685362   1768512846498790
365392498001   10154412207508002
365392498001   10154692567743002
365392498001   10154714241053002
365392498001   10154773084878002
365392498001   10154853219353002
365392498001   10154853673468002
365392498001   10154874678453002
365392498001   10155005153338002
365392498001   10155018102018002
365392498001   10155090692088002
365392498001   10155107480423002
375984579132651   1041266749271094
375984579132651   1052348654829570
375984579132651   1309203322477434
375984579132651   1311036068960826
375984579132651   1312016382196128
375984579132651   1312677812129985
375984579132651   1313467335384366
375984579132651   1314215055309594
375984579132651   1314976668566766
375984579132651   1315842105146889
375984579132651   1315999381797828
375984579132651   1316042415126858
375984579132651   1316641331733633
375984579132651   1316689715062128
375984579132651   1317658981631868
375984579132651   1318735434857556
375984579132651   1319381091459657
375984579132651   1320290614702038
375984579132651   1321188564612243
375984579132651   1322149824516117
375984579132651   1323232357741197
375984579132651   1323808934350206
375984579132651   1324731787591254
375984579132651   1325748627489570
375984579132651   1326711097393323
375984579132651   1327780877286345
375984579132651   1328041547260278
375984579132651   1328219893909110
375984579132651   1328944363836663
375984579132651   1329057017158731
375984579132651   1329273283803771
375984579132651   1329364753794624
375984579132651   1329675637096869
375984579132651   1330304583700641
375984579132651   1330533190344447
375984579132651   1331421143588985
375984579132651   1332619033469196
375984579132651   1334272026637230
375984579132651   1335234843207615
375984579132651   1336263369771429
375984579132651   1336966326367800
375984579132651   1337850156279417
375984579132651   1338074892923610
375984579132651   1338914616172971
375984579132651   1339018622829237
375984579132651   1339585582772541
375984579132651   1340543419343424
375984579132651   1341521235912309
375984579132651   1342609569136809
375984579132651   1343792049018561
375984579132651   1344829762248123
375984579132651   1344974192233680
375984579132651   1345049082226191
375984579132651   1345872512143848
375984579132651   1346137965450636
375984579132651   1346271102103989
375984579132651   1347405181990581
375984579132651   1348384385225994
375984579132651   1349393095125123
375984579132651   1350519708345795
375984579132651   1351435838254182
375984579132651   1351488674915565
375984579132651   1352249648172801
375984579132651   1353366534727779
375984579132651   1354589867938779
375984579132651   1355604791170620
375984579132651   1356646574399775
375984579132651   1357637394300693
375984579132651   1359670700764029
375984579132651   1360311974033235
375984579132651   1361449797252786
375984579132651   1362202807177485
375984579132651   1363136813750751
375984579132651   1365017676895998
375984579132651   1365243233540109
375984579132651   1366149423449490
375984579132651   1367239140007185
375984579132651   1368032529927846
375984579132651   1368156503248782
375984579132651   1368943116503454
375984579132651   1369901433074289
375984579132651   1371144879616611
375984579132651   1371817599549339
375984579132651   1371855006212265
375984579132651   1371945169536582
375984579132651   1372944682769964
375984579132651   1374312365966529
375984579132651   1375087895888976
375984579132651   1375135075884258
375984579132651   1375973499133749
375984579132651   1376870252377407
375984579132651   1378327158898383
375984579132651   1378403102224122
375984579132651   1378432468887852
375984579132651   1378444235553342
375984579132651   1378477322216700
375984579132651   1378549622209470
375984579132651   1379096305488135
375984579132651   1379149495482816
375984579132651   1379216848809414
375984579132651   1379316712132761
375984579132651   1379397122124720
375984579132651   1379439485453817
375984579132651   1380149322049500
375984579132651   1380841318646967
375984579132651   1380974541966978
375984579132651   1381668465230919
375984579132651   1381810605216705
375984579132651   1382648238466275
375984579132651   1383527728378326
375984579132651   1384442378286861
375984579132651   1384478908283208
375984579132651   1385239971540435
375984579132651   1385283564869409
375984579132651   1386604814737284
375984579132651   1387491647981934
375984579132651   1388584691205963
375984579132651   1389877487743350
375984579132651   1390622627668836
375984579132651   1391900390874393
375984579132651   1392960437435055
375984579132651   1393852567345842
375984579132651   1394843427246756
375984579132651   1395583717172727
375984579132651   1395844500479982
375984579132651   1396680560396376
375984579132651   1397830163614749
375984579132651   1399255733472192
375984579132651   1399977466733352
375984579132651   1401359703261795
375984579132651   1401474113250354
375984579132651   1402509689813463
375984579132651   1403823653015400
375984579132651   1404828179581614
375984579132651   1406164539447978
375984579132651   1407592912638474
375984579132651   1408758859188546
375984579132651   1408950605836038
375984579132651   1409876305743468
375984579132651   1411245942273171
375984579132651   1412248318839600
375984579132651   1413285078735924
375984579132651   1414489681948797
375984579132651   1415944635136635
375984579132651   1416863045044794
375984579132651   1418280521569713
375984579132651   1419398404791258
375984579132651   1420592231338542
375984579132651   1421378911259874
375984579132651   1422473934483705
375984579132651   1423527611045004
375984579132651   1424931550904610
375984579132651   1425616100836155
375984579132651   1425855470812218
375984579132651   1426754380722327
375984579132651   1427029757361456
375984579132651   1428005077263924
375984579132651   1428406647223767
375984579132651   1429219983809100
375984579132651   1429493493781749
375984579132651   1430588887005543
375984579132651   1433092680088497
375984579132651   1434900503241048
375984579132651   1435736673157431
375984579132651   1435850883146010
375984579132651   1437264229671342
375984579132651   1437349122996186
375984579132651   1438562712874827
375984579132651   1439520232779075
375984579132651   1440754939322271
375984579132651   1441558359241929
375984579132651   1442720495792382
375984579132651   1443408475723584
375984579132651   1444422508955514
375984579132651   1445234802207618
375984579132651   1446188398778925
375984579132651   1447174915346940
375984579132651   1448063348591430
375984579132651   1448654745198957
375984579132651   1449092001821898
375984579132651   1449682028429562
375984579132651   1449915378406227
375984579132651   1450075528390212
375984579132651   1450803821650716
375984579132651   1451069501624148
375984579132651   1451069514957480
375984579132651   1451643001566798
375984579132651   1452669434797488
375984579132651   1453966844667747
375984579132651   1454925107905254
375984579132651   1455499441181154
375984579132651   1456451064419325
375984579132651   1457147087683056
375984579132651   1458341040896994
375984579132651   1459327024131729
375984579132651   1460411154023316
375984579132651   1461343473930084
375984579132651   1462766483787783
375984579132651   1464201053644326
375984579132651   1465596770171421
375984579132651   1466019186795846
375984579132651   1467202780010820
375984579132651   1468421346555630
375984579132651   1469889559742142
375984579132651   1471528432911588
375984579132651   1472522642812167
375984579132651   1473944672669964
375984579132651   1475101465887618
375984579132651   1476244875773277
375984579132651   1477043855693379
375984579132651   1478092202255211
375984579132651   1479393015458463
375984579132651   1479562475441517
375984579132651   1480616772002754
375984579132651   1481752838555814
375984579132651   1482762998454798
375984579132651   1483591435038621
375984579132651   1484650958266002
375984579132651   1485640684833696
375984579132651   1486737248057373
375984579132651   1487013604696404
375984579132651   1487752074622557
375984579132651   1489017887829309
375984579132651   1489739174423847
375984579132651   1490980307633067
375984579132651   1491573057573792
375984579132651   1492599274137837
375984579132651   1495068033890961
375984579132651   1496371283760636
375984579132651   1498055230258908
375984579132651   1498727723524992
375984579132651   1500102610054170
375984579132651   1501181229946308
375984579132651   1502552109809220
375984579132651   1503738129690618
375984579132651   1505391132858651
375984579132651   1505394316191666
375984579132651   1507268462670918
375984579132651   1511374418926989
375984579132651   1512558982141866
375984579132651   1513713045359793
375984579132651   1514924008572030
375984579132651   1515948975136200
375984579132651   1516048691792895
375984579132651   1517280181669746
375984579132651   1520603398004091
375984579132651   1521593177905113
375984579132651   1522525401145224
375984579132651   1522827671114997
375984579132651   1522956027768828
375984579132651   1523607321037032
375984579132651   1524763764254721
375984579132651   1528402760557488
375984579132651   1529151310482633
375984579132651   1530329953698102
375984579132651   1531502840247480
375984579132651   1531654133565684
375984579132651   1532839746780456
375984579132651   1535534436510987
375984579132651   1536304676433963
375984579132651   1537366889661075
375984579132651   1538378606226570
375984579132651   1539225809475183
375984579132651   1542126402518457
375984579132651   1543193445745086
375984579132651   1544148978982866
375984579132651   1545108422220255
375984579132651   1545886528809111
375984579132651   1548650718532692
375984579132651   1549769201754177
375984579132651   1550418741689223
375984579132651   1551413331589764
375984579132651   1551585164905914
375984579132651   1552403461490751
375984579132651   1555356507862113
375984579132651   1555506497847114
375984579132651   1556357114428719
375984579132651   1557230357674728
375984579132651   1557999950931102
375984579132651   1559015090829588
375984579132651   1559265540804543
375984579132651   1559898714074559
375984579132651   1561987207199043
375984579132651   1562057510525346
375984579132651   1562170673847363
375984579132651   1562753130455784
375984579132651   1563668827030881
375984579132651   1564574563606974
375984579132651   1564739416923822
375984579132651   1564897280241369
375984579132651   1565434693520961
375984579132651   1566436756754088
375984579132651   1568332879897809
375984579132651   1570361813028249
375984579132651   1572212832843147
375984579132651   1572355389495558
375984579132651   1574229962641434
375984579132651   1575032965894467
375984579132651   1576197792444651
375984579132651   1576998359031261
375984579132651   1577956422268788
375984579132651   1579000505497713
375984579132651   1581889265208837
375984579132651   1582815485116215
375984579132651   1583777558353341
375984579132651   1584749538256143
375984579132651   1585707901493640
375984579132651   1587452861319144
375984579132651   1588663551198075
375984579132651   1589499444447819
375984579132651   1590224767708620
375984579132651   1591025434295220
375984579132651   1591174244280339
375984579132651   1591857587545338
375984579132651   1592174354180328
375984579132651   938131362917967
416390918442485   1225112954236940
416390918442485   1234555603292675
416390918442485   1237705279644374
416390918442485   1239346856146883
416390918442485   1241319332616302
416390918442485   1241319795949589
416390918442485   1241320839282818
416390918442485   1243886599026242
416390918442485   1244794215602147
416390918442485   1245924945489074
416390918442485   1247871968627705
416390918442485   1247881751960060
416390918442485   1247913321956903
416390918442485   1251123068302595
416390918442485   1253963668018535
416390918442485   1255064131241822
416390918442485   1258444900903745
416390918442485   1259230850825150
416390918442485   1262848870463348
416390918442485   1263014867113415
416390918442485   1269424046472497
416390918442485   1271359126278989
416390918442485   1274663389281896
416390918442485   1277700505644851
416390918442485   1278014635613438
416390918442485   1281734711908097
416390918442485   1289674747780760
416390918442485   1295630047185230
416390918442485   1304422529639315
416390918442485   1308182685929966
416390918442485   1312701998811368
416390918442485   1314734881941413
416390918442485   1316136985134536
416390918442485   1322725167809051
416390918442485   1323676167713951
416390918442485   1323692577712310
416390918442485   1323898764358358
416390918442485   1327641570650744
416390918442485   1329740387107529
416390918442485   1330776257003942
416390918442485   1332185370196364
416390918442485   1333295026752065
416390918442485   1337463789668522
416390918442485   1340233472724887
416390918442485   1347070512041183
416390918442485   1350625781685656
416390918442485   1351898141558420
416390918442485   1351990104882557
416390918442485   1352053134876254
416390918442485   1358100974271470
416390918442485   1358416374239930
416390918442485   1362597523821815
416390918442485   1365043040243930
416390918442485   1365834436831457
416390918442485   1369773953104172
416390918442485   1371046449643589
416390918442485   1373218586093042
416390918442485   1376050552476512
416390918442485   1377926708955563
416390918442485   1380013558746878
416390918442485   1380246068723627
416390918442485   1380902048658029
416390918442485   1382783148469919
416390918442485   1387138011367766
416390918442485   1387165198031714
416390918442485   1394795823935318
416390918442485   1395102843904616
416390918442485   1395774747170759
416390918442485   1398716943543206
416390918442485   1399696730111894
416390918442485   1402228169858750
416390918442485   1404221669659400
416390918442485   1406546032760297
416390918442485   1408075052607395
416390918442485   1412733598808207
416390918442485   1420879874660246
416390918442485   1422234504524783
416390918442485   1427961867285380
416390918442485   1429157543832479
416390918442485   1433250740089826
416390918442485   1434379903310243
416390918442485   1437134843034749
416390918442485   1441705089244391
416390918442485   1444107749004125
416390918442485   1444239272324306
416390918442485   1450823328332567
416390918442485   1451332528281647
416390918442485   1452331221515111
416390918442485   1453361571412076
416390918442485   1458315864249980
416390918442485   1460455810702652
416390918442485   1463452403736326
416390918442485   1468040953277471
416390918442485   1469217509826482
416390918442485   1470458066369093
416390918442485   1470483106366589
416390918442485   1472961089452124
416390918442485   1474053632676203
416390918442485   1478412988906934
416390918442485   1482263375188562
416390918442485   1484306114984288
416390918442485   1485406404874259
416390918442485   1485552014859698
416390918442485   1491312160950350
416390918442485   1491565737591659
416390918442485   1492222707525962
416390918442485   1492301647518068
416390918442485   1497353757012857
416390918442485   1498126336935599
416390918442485   1499663046781928
416390918442485   1503516049729961
416390918442485   1504349119646654
416390918442485   1505461126202120
416390918442485   1505648056183427
416390918442485   1505667092848190
416390918442485   1506710639410502
416390918442485   1509267495821483
416390918442485   1511347108946855
416390918442485   1512295295518703
416390918442485   1515039278577638
416390918442485   1516803578401208
416390918442485   1517580771656822
416390918442485   1517804794967753
416390918442485   1518750674873165
416390918442485   1518890111525888
416390918442485   1519263668155199
416390918442485   1519271231487776
416390918442485   1519286028152963
416390918442485   1521635227918043
416390918442485   1522534237828142
416390918442485   1522700867811479
416390918442485   1523513417730224
416390918442485   1523605707720995
416390918442485   1524370504311182
416390918442485   1525398777541688
416390918442485   1525421704206062
416390918442485   1525476804200552
416390918442485   1525496887531877
416390918442485   1530633683684864
416390918442485   1531357893612443
416390918442485   1532139330200966
416390918442485   1533135936767972
44499520630   10154812384155631
44499520630   10154812778165631
44499520630   10154814902630631
44499520630   10154818640815631
44499520630   10154839170395631
44499520630   10154842460755631
44499520630   10154849573595631
44499520630   10154870791255631
44499520630   10154873173385631
44499520630   10154878282090631
44499520630   10154889867760631
44499520630   10154895443745631
44499520630   10154895596490631
44499520630   10154914235185631
44499520630   10154922397050631
44499520630   10154923164295631
44499520630   10154925375225631
44499520630   10154939809115631
44499520630   10154961185050631
44499520630   10154961223310631
44499520630   10154969118530631
44499520630   10154990608940631
44499520630   10154991542160631
44499520630   10155011680415631
44499520630   10155071980445631
44499520630   10155075060010631
44499520630   10155122732980631
44499520630   10155136673085631
44499520630   10155140237860631
44499520630   10155145114785631
44499520630   10155145513810631
44499520630   10155145968945631
44499520630   10155158044315631
44499520630   10155175598975631
44499520630   10155206771360631
44499520630   10155219142020631
44499520630   10155223340470631
44499520630   10155253645200631
44499520630   10155257510615631
44499520630   10155258606885631
44499520630   10155261451110631
44499520630   10155265492470631
44499520630   10155265805765631
44499520630   10155269225380631
44499520630   10155273299420631
44499520630   10155273618060631
44499520630   10155277150625631
44499520630   10155277992005631
44499520630   10155280563390631
44499520630   10155281359420631
44499520630   10155284349620631
44499520630   10155287856085631
44499520630   10155311089870631
44499520630   10155357908700631
44499520630   10155363721610631
44499520630   10155366375900631
44499520630   10155390339655631
44499520630   10155413487155631
44499520630   10155426955800631
44499520630   10155430671630631
44499520630   10155452554100631
44499520630   10155467704670631
44499520630   10155469629380631
44499520630   10155477669730631
44499520630   10155533371030631
44499520630   117117945617440
45839622981   10154435146862982
45839622981   10154435704162982
45839622981   10154468748582982
45839622981   10154470431347982
45839622981   10154470775292982
45839622981   10154470777552982
45839622981   10154472943102982
45839622981   10154472951542982
45839622981   10154475564527982
45839622981   10154475573537982
45839622981   10154478132907982
45839622981   10154483250842982
45839622981   10154485845172982
45839622981   10154486880607982
45839622981   10154488127292982
45839622981   10154489071717982
45839622981   10154490824177982
45839622981   10154495790812982
45839622981   10154495999432982
45839622981   10154498024872982
45839622981   10154498038437982
45839622981   10154506581322982
45839622981   10154509670192982
45839622981   10154512482672982
45839622981   10154515113642982
45839622981   10154517805132982
45839622981   10154528047902982
45839622981   10154532377177982
45839622981   10154536389042982
45839622981   10154539432897982
45839622981   10154541970217982
45839622981   10154542616062982
45839622981   10154550042522982
45839622981   10154553335397982
45839622981   10154556034262982
45839622981   10154558941657982
45839622981   10154561687802982
45839622981   10154570500642982
45839622981   10154570963657982
45839622981   10154573042382982
45839622981   10154573731252982
45839622981   10154576047832982
45839622981   10154577026442982
45839622981   10154578855902982
45839622981   10154579322302982
45839622981   10154581167662982
45839622981   10154581258522982
45839622981   10154581705032982
45839622981   10154581962112982
45839622981   10154583989007982
45839622981   10154586298992982
45839622981   10154588992357982
45839622981   10154594070037982
45839622981   10154597536877982
45839622981   10154597781072982
45839622981   10154601634367982
45839622981   10154610815317982
45839622981   10154613479372982
45839622981   10154616657407982
45839622981   10154618596657982
45839622981   10154620864322982
45839622981   10154629241837982
45839622981   10154629380422982
45839622981   10154631666512982
45839622981   10154633716012982
45839622981   10154635976072982
45839622981   10154636234697982
45839622981   10154636639622982
45839622981   10154640227687982
45839622981   10154649192417982
45839622981   10154651498267982
45839622981   10154652408227982
45839622981   10154655560092982
45839622981   10154658754657982
45839622981   10154661813367982
45839622981   10154672079167982
45839622981   10154674678612982
45839622981   10154677422127982
45839622981   10154680877572982
45839622981   10154682678427982
45839622981   10154691876082982
45839622981   10154695061737982
45839622981   10154698810607982
45839622981   10154704311582982
45839622981   10154713777352982
45839622981   10154715906227982
45839622981   10154718408962982
45839622981   10154721831002982
45839622981   10154735517822982
45839622981   10154738400897982
45839622981   10154741715172982
45839622981   10154746310687982
45839622981   10154755119897982
45839622981   10154758588147982
45839622981   10154760430192982
45839622981   10154760459217982
45839622981   10154762942537982
45839622981   10154764643532982
45839622981   10154765670032982
45839622981   10154765695247982
45839622981   10154765699927982
45839622981   10154767912977982
45839622981   10154768646372982
45839622981   10154768880792982
45839622981   10154771314827982
45839622981   10154774399432982
45839622981   10154777428767982
45839622981   10154777428787982
45839622981   10154780558617982
45839622981   10154783711112982
45839622981   10154787804042982
45839622981   10154789724587982
45839622981   10154798334872982
45839622981   10154801115642982
45839622981   10154803701637982
45839622981   10154806787282982
45839622981   10154809954212982
45839622981   10154818906597982
45839622981   10154821495297982
45839622981   10154824146312982
45839622981   10154826893722982
45839622981   10154829562987982
45839622981   10154839354312982
45839622981   10154841996237982
45839622981   10154845533147982
45839622981   10154848856787982
45839622981   10154851741852982
45839622981   10154856580822982
45839622981   10154861007717982
45839622981   10154861904567982
45839622981   10154863555882982
45839622981   10154864908822982
45839622981   10154868782082982
45839622981   10154871813077982
45839622981   10154883453407982
45839622981   10154887061302982
45839622981   10154892423832982
45839622981   10154895484157982
45839622981   10154908462062982
45839622981   10154912066247982
45839622981   10154917830647982
45839622981   10154926598032982
45839622981   10154929086777982
45839622981   10154930618077982
45839622981   10154933476187982
45839622981   10154933919347982
45839622981   10154937225112982
45839622981   10154939670932982
45839622981   10154955673367982
45839622981   10154959745202982
45839622981   10154963283242982
45839622981   10154978566837982
45839622981   10154981899747982
45839622981   10154985678222982
45839622981   10155001604107982
45839622981   10155006627087982
45839622981   10155009765707982
45839622981   10155024492397982
45839622981   10155035404987982
45839622981   10155035563247982
45839622981   10155045054602982
45839622981   10155048462002982
45839622981   10155051679192982
45839622981   10155058527517982
45839622981   10155079485657982
45839622981   10155098914667982
45839622981   10155101928972982
45839622981   10155115337512982
45839622981   10155120192952982
45839622981   10155122703437982
45839622981   10155122829937982
45839622981   10155138927357982
45839622981   10155140914267982
45839622981   10155154676842982
45839622981   10155160136867982
45839622981   10155213240452982
45839622981   10155215876532982
45839622981   10155221298947982
45839622981   10155224670887982
45839622981   10155233248697982
45839622981   10155241547902982
45839622981   10155245313627982
45839622981   10155260335117982
45839622981   10155264380097982
45839622981   10155271923617982
45949887336   10154248996577337
45949887336   10154258632472337
45949887336   10154276199967337
45949887336   10154305952042337
45949887336   10154315353057337
45949887336   10154357900847337
45949887336   10154360887532337
45949887336   10154364957542337
45949887336   10154405654857337
45949887336   10154409706047337
45949887336   10154421861327337
45949887336   10154432002102337
45949887336   10154432072832337
45949887336   10154442044497337
45949887336   10154444759972337
45949887336   10154458821207337
45949887336   10154467746907337
45949887336   10154488919062337
45949887336   10154488920937337
45949887336   10154558416045388
45949887336   10154630184905388
45949887336   10154633238710388
45949887336   10154636026725388
45949887336   10154640559910388
45949887336   10154641953860388
45949887336   10154838858722337
45949887336   10154856655907337
45949887336   10154858657032337
45949887336   10154863324222337
45949887336   10154908021462337
45949887336   10154911310167337
45949887336   10154912038217337
45949887336   10154914160287337
45949887336   10155512300993726
47835406277   10154705909116278
47835406277   10154706749506278
47835406277   10154710530056278
47835406277   10154719083461278
47835406277   10154719868796278
47835406277   10154724683376278
47835406277   10154727727756278
47835406277   10154728333051278
47835406277   10154734672671278
47835406277   10154736283406278
47835406277   10154740259401278
47835406277   10154746589091278
47835406277   10154750285091278
47835406277   10154756368186278
47835406277   10154759196401278
47835406277   10154761574561278
47835406277   10154761845261278
47835406277   10154766973776278
47835406277   10154770365736278
47835406277   10154772100391278
47835406277   10154772251991278
47835406277   10154774601096278
47835406277   10154775482036278
47835406277   10154778100866278
47835406277   10154778394581278
47835406277   10154784282621278
47835406277   10154787820911278
47835406277   10154787959517734
47835406277   10154789820496278
47835406277   10154790915892734
47835406277   10154792007796278
47835406277   10154792298861278
47835406277   10154793050751278
47835406277   10154794892881278
47835406277   10154795321516278
47835406277   10154797487976278
47835406277   10154798083441278
47835406277   10154801483611278
47835406277   10154803533266278
47835406277   10154803982726278
47835406277   10154804232606278
47835406277   10154807095906278
47835406277   10154812062081278
47835406277   10154812836551278
47835406277   10154816308761278
47835406277   10154819199621278
47835406277   10154827032101278
47835406277   10154827692271278
47835406277   10154829794146278
47835406277   10154832296726278
47835406277   10154832831481278
47835406277   10154834635466278
47835406277   10154835797796278
47835406277   10154837595436278
47835406277   10154840302646278
47835406277   10154842880926278
47835406277   10154849195361278
47835406277   10154849550136278
47835406277   10154852527141278
47835406277   10154855966261278
47835406277   10154856634296278
47835406277   10154859166086278
47835406277   10154861346411278
47835406277   10154863654176278
47835406277   10154864667941278
47835406277   10154866223221278
47835406277   10154866874771278
47835406277   10154869005941278
47835406277   10154869417236278
47835406277   10154871246586278
47835406277   10154871781091278
47835406277   10154874023076278
47835406277   10154874809291278
47835406277   10154876935931278
47835406277   10154879602721278
47835406277   10154879829956278
47835406277   10154882724996278
47835406277   10154884524201278
47835406277   10154885094276278
47835406277   10154887243926278
47835406277   10154888042251278
47835406277   10154892003256278
47835406277   10154893862271278
47835406277   10154897781546278
47835406277   10154897814236278
47835406277   10154902522146278
47835406277   10154902913951278
47835406277   10154903178976278
47835406277   10154907134301278
47835406277   10154910298436278
47835406277   10154910801381278
47835406277   10154914754731278
47835406277   10154916696886278
47835406277   10154920176886278
47835406277   10154921251566278
47835406277   10154926158706278
47835406277   10154926308226278
47835406277   10154927701201278
47835406277   10154929150506278
47835406277   10154929228221278
47835406277   10154930434096278
47835406277   10154932032566278
47835406277   10154932178601278
47835406277   10154932780701278
47835406277   10154939043886278
47835406277   10154941278526278
47835406277   10154941971451278
47835406277   10154943775491278
47835406277   10154945802621278
47835406277   10154948767486278
47835406277   10154948895896278
47835406277   10154949100956278
47835406277   10154949459126278
47835406277   10154949867521278
47835406277   10154951827236278
47835406277   10154952153026278
47835406277   10154952592506278
47835406277   10154953008866278
47835406277   10154954743151278
47835406277   10154955301296278
47835406277   10154955466516278
47835406277   10154958584896278
47835406277   10154960813056278
47835406277   10154961980731278
47835406277   10154964853946278
47835406277   10154966927596278
47835406277   10154967419006278
47835406277   10154969795556278
47835406277   10154972645286278
47835406277   10154972757366278
47835406277   10154974969166278
47835406277   10154975702236278
47835406277   10154976110181278
47835406277   10154978782411278
47835406277   10154980724566278
47835406277   10154980903361278
47835406277   10154981563321278
47835406277   10154984443766278
47835406277   10154987347421278
47835406277   10154988273681278
47835406277   10154990261581278
47835406277   10154998662356278
47835406277   10155002620061278
47835406277   10155007897426278
47835406277   10155019380416278
47835406277   10155024382111278
47835406277   10155025767191278
47835406277   10155026210771278
47835406277   10155027939216278
47835406277   10155028191256278
47835406277   10155029283396278
47835406277   10155032349331278
47835406277   10155039093566278
47835406277   10155041954521278
47835406277   10155042390456278
47835406277   10155053244806278
47835406277   10155053427071278
47835406277   10155054682041278
47835406277   10155056664281278
47835406277   10155062826456278
47835406277   10155063507186278
47835406277   10155065372251278
47835406277   10155066461866278
47835406277   10155066832016278
47835406277   10155070087156278
47835406277   10155071597796278
47835406277   10155071731341278
47835406277   10155075604526278
47835406277   10155075610486278
47835406277   10155077205486278
47835406277   10155081356926278
47835406277   10155081648666278
47835406277   10155084403666278
47835406277   10155086948671278
47835406277   10155087541711278
47835406277   10155089910631278
47835406277   10155090365041278
47835406277   10155091769216278
47835406277   10155092945941278
47835406277   10155095872436278
47835406277   10155097785291278
47835406277   10155098425071278
47835406277   10155098919671278
47835406277   10155101113051278
47835406277   10155101606906278
47835406277   10155101718236278
47835406277   10155103887061278
47835406277   10155104712031278
47835406277   10155109968011278
47835406277   10155113466536278
47835406277   10155121723486278
47835406277   10155124136671278
47835406277   10155125485311278
47835406277   10155127268441278
47835406277   10155127867041278
47835406277   10155128550766278
47835406277   10155130844126278
47835406277   10155133527661278
47835406277   10155134765216278
47835406277   10155136676101278
47835406277   10155140084566278
47835406277   10155141543496278
47835406277   10155142533906278
47835406277   10155142591481278
47835406277   10155145929771278
47835406277   10155146346096278
47835406277   10155148813201278
47835406277   10155152541286278
47835406277   10155153903221278
47835406277   10155155227801278
47835406277   10155167181661278
47835406277   10155167305796278
47835406277   10155169939746278
47835406277   10155170587646278
47835406277   10155170979001278
47835406277   10155173326451278
47835406277   10155174227186278
47835406277   10155176016221278
47835406277   10155176652926278
47835406277   10155177593396278
47835406277   10155179757146278
47835406277   10155180384671278
47835406277   10155183405386278
47835406277   10155190338821278
47835406277   10155193567881278
47835406277   10155194174891278
47835406277   10155197911776278
47835406277   10155200656941278
47835406277   10155203759936278
47835406277   10155204659576278
47835406277   10155206397016278
47835406277   10155210639216278
47835406277   10155212975506278
47835406277   10155217117021278
47835406277   10155220200646278
47835406277   10155221120186278
47835406277   10155223534156278
47835406277   10155230655416278
47835406277   10155231656386278
47835406277   10155234568396278
47835406277   10155235142546278
47835406277   10155235764856278
47835406277   10155238231726278
47835406277   10155238786231278
47835406277   10155239261441278
47835406277   10155241081266278
47835406277   10155241214341278
47835406277   10155244065891278
47835406277   10155245214296278
47835406277   10155247536576278
47835406277   10155255634086278
47835406277   10155258066451278
47835406277   10155266141156278
47835406277   10155266762956278
47835406277   10155273692226278
47835406277   10155280989626278
47835406277   10155281345671278
47835406277   10155288476846278
47835406277   10155293665171278
47835406277   10155293713991278
47835406277   10155303858551278
47835406277   10155304563496278
47835406277   10155305265696278
47835406277   10155308180481278
47835406277   10155315298746278
47835406277   10155318218196278
47835406277   10155318815466278
47835406277   10155318968241278
47835406277   10155321538601278
47835406277   10155321941236278
47835406277   10155324368666278
47835406277   10155325337066278
47835406277   10155325712071278
47835406277   10155327630331278
47835406277   10155335259716278
47835406277   10155335694606278
47835406277   10155338873381278
47835406277   10155340384581278
47835406277   10155345663326278
47835406277   10155349621396278
47835406277   10155349992336278
47835406277   10155350882721278
47835406277   10155352353786278
47835406277   10155352353876278
47835406277   10155355624681278
47835406277   10155357993786278
47835406277   10155360316856278
47835406277   10155360785411278
47835406277   10155361217716278
47835406277   10155363085831278
47835406277   10155363689461278
47835406277   10155364768751278
47835406277   10155372170921278
47835406277   10155378111021278
47835406277   10155379092311278
47835406277   10155381747166278
47835406277   10155387153951278
47835406277   10155390663656278
47835406277   10155392698196278
47835406277   10155393227576278
47835406277   10155393824006278
47835406277   10155395190476278
47835406277   10155404586841278
47835406277   10155405179321278
47835406277   10155406976906278
47835406277   10155407971266278
47835406277   10155410490131278
47835406277   10155411352936278
47835406277   10155413841676278
47835406277   10155416643176278
47835406277   10155417153226278
47835406277   10155419247201278
47835406277   10155420769851278
47835406277   10155423931441278
47835406277   10155426149451278
47835406277   10155428617286278
47835406277   10155430843321278
47835406277   10155432669841278
47835406277   10155436091231278
47835406277   10155436978206278
47835406277   10155441866751278
47835406277   10155447325656278
47835406277   10155451615556278
47835406277   10155451789746278
47835406277   10155452862296278
47835406277   10155454935681278
47835406277   10155457963971278
47835406277   10155457995611278
47835406277   10155458937836278
47835406277   10155462114971278
47835406277   10155465101191278
47835406277   10155469494526278
47835406277   10155475267586278
47835406277   10155478348561278
47835406277   10155480975786278
47835406277   10155481987531278
47835406277   10155484545621278
47835406277   10155484837021278
47835406277   10155488346716278
47835406277   10155491658946278
47835406277   10155499814381278
47835406277   10155508604741278
47835406277   10155509294486278
47835406277   10155512865011278
47835406277   10155515053671278
47835406277   10155515329816278
47835406277   10155518124256278
47835406277   10155518774446278
47835406277   10155520221716278
47835406277   10155521928911278
47835406277   10155522354941278
47835406277   10155523826081278
47835406277   10155524467581278
47835406277   10155525217386278
47835406277   10155525480521278
47835406277   10155526018306278
47835406277   10155530458126278
47835406277   10155530701261278
47835406277   10155534416426278
47835406277   10155534637341278
47835406277   10155537239391278
47835406277   10155540304676278
47835406277   10155542855486278
47835406277   10155543403731278
47835406277   10155545490091278
47835406277   10155546528006278
47835406277   10155549244051278
47835406277   10155549362986278
47835406277   10155551016871278
47835406277   10155551080741278
47835406277   10155551115676278
47835406277   10155551119676278
47835406277   10155553560431278
47835406277   10155555589746278
47835406277   10155556017441278
47835406277   10155562868391278
47835406277   10155562897651278
47835406277   10155563137656278
47835406277   10155563631466278
47835406277   10155566670756278
47835406277   10155568717251278
47835406277   10155568976476278
47835406277   10155569471456278
47835406277   10155573677881278
47835406277   10155573780116278
47835406277   10155577692836278
47835406277   10155580323116278
47835406277   10155580718241278
47835406277   10155582441631278
47835406277   10155582945786278
47835406277   10155586123886278
47835406277   10155590310391278
47835406277   1455722534461690
47835406277   1536819119662969
47835406277   203676723435279
47835406277   226023134540759
48543634386   10154341494219387
48543634386   10154341498269387
48543634386   10154341511794387
48543634386   10154381293354387
48543634386   10154421073604387
48543634386   10154421196959387
48543634386   10154421363209387
48543634386   10154421445304387
48543634386   10154428627754387
48543634386   10154441595219387
48543634386   10154441612994387
48543634386   10154444593199387
48543634386   10154449826019387
48543634386   10154471166314387
48543634386   10154472001114387
48543634386   10154486266324387
48543634386   10154489250684387
48543634386   10154502526974387
48543634386   10154502609904387
48543634386   10154522567489387
48543634386   10154530127769387
48543634386   10154532478329387
48543634386   10154532484859387
48543634386   10154541969269387
48543634386   10154549146524387
48543634386   10154552943574387
48543634386   10154563592154387
48543634386   10154565448299387
48543634386   10154565889004387
48543634386   10154566192039387
48543634386   10154566201944387
48543634386   10154568524249387
48543634386   10154572988429387
48543634386   10154573022544387
48543634386   10154586241539387
48543634386   10154586272919387
48543634386   10154596583319387
48543634386   10154599676384387
48543634386   10154606748144387
48543634386   10154609241954387
48543634386   10154626781544387
48543634386   10154630835559387
48543634386   10154644204874387
48543634386   10154649531979387
48543634386   10154651968089387
48543634386   10154652425289387
48543634386   10154652746324387
48543634386   10154655060439387
48543634386   10154658069719387
48543634386   10154663888164387
48543634386   10154673514609387
48543634386   10154681154264387
48543634386   10154681159724387
48543634386   10154684005864387
48543634386   10154684819009387
48543634386   10154691844029387
48543634386   10154706019829387
48543634386   10154706066664387
48543634386   10154709059864387
48543634386   10154720752959387
48543634386   10154730403264387
48543634386   10154733354014387
48543634386   10154733360919387
48543634386   10154733492879387
48543634386   10154736583974387
48543634386   10154736914419387
48543634386   10154744468354387
48543634386   10154747667654387
48543634386   10154759999759387
48543634386   10154762473709387
48543634386   10154762590699387
48543634386   10154765601579387
48543634386   10154767429599387
48543634386   10154767740524387
48543634386   10154772676594387
48543634386   10154790763654387
48543634386   10154791041374387
48543634386   10154805857494387
48543634386   10154809377349387
48543634386   10154811307739387
48543634386   10154825933044387
48543634386   10154826175549387
48543634386   10154826175944387
48543634386   10154826229734387
48543634386   10154826248344387
48543634386   10154826274654387
48543634386   10154828387074387
48543634386   10154836931689387
48543634386   10154839751234387
48543634386   10154845237269387
48543634386   10154845494544387
48543634386   10154845708389387
48543634386   10154851559074387
48543634386   10154857787674387
48543634386   10154867845774387
48543634386   10154885366274387
48543634386   10154887832794387
48543634386   10154894041424387
48543634386   10154894539709387
48543634386   10154903348874387
48543634386   10154905348494387
48543634386   10154908178944387
48543634386   10154932154679387
48543634386   10154938352044387
48543634386   10154952293434387
48543634386   10154955512179387
48543634386   10154958649139387
48543634386   10154962484509387
48543634386   10154965761019387
48543634386   10154978105129387
48543634386   10154981496389387
48543634386   10154984307429387
48543634386   10154984558929387
48543634386   10154989142474387
48543634386   10155002655939387
48543634386   10155006135449387
48543634386   10155009002039387
48543634386   10155026096354387
48543634386   10155029330589387
48543634386   10155034967134387
48543634386   10155044804739387
48543634386   10155063796734387
48543634386   10155071648854387
48543634386   10155073854914387
48543634386   10155081286144387
48543634386   10155086623059387
48543634386   10155088741029387
48543634386   10155093799774387
48543634386   10155101805509387
48543634386   10155113899289387
48543634386   10155118897659387
48543634386   10155119301114387
48543634386   10155122120514387
48543634386   10155136863529387
48543634386   10155138935149387
48543634386   10155148490459387
48543634386   10155155580119387
48543634386   10155163295069387
48543634386   10155167739444387
48543634386   10155167780369387
48543634386   10155167787174387
48543634386   10155175599059387
48543634386   10155181240209387
48543634386   10155183396499387
48543634386   10155183396979387
48543634386   10155185369429387
48543634386   10155188830924387
48543634386   10211905414643747
48543634386   10211905458924854
48543634386   10211905496925804
48543634386   10212101071775053
48543634386   10212353612248407
48543634386   10212353705290733
48543634386   10212697403722979
48543634386   10212723271089647
50138985328   10101020143760835
50138985328   10101024801062565
50138985328   10154385219890329
50138985328   10155554381970329
50138985328   10155555671970329
50138985328   10155558504850329
50138985328   10155560131310329
50138985328   10155560259705329
50138985328   10155561275090329
50138985328   10155561878440329
50138985328   10155565325165329
50138985328   10155570335830329
50138985328   10155573184585329
50138985328   10155581336050329
50138985328   10155584913310329
50138985328   10155585372170329
50138985328   10155587802085329
50138985328   10155602900050329
50138985328   10155607515140329
50138985328   10155615442095329
50138985328   10155619642435329
50138985328   10155622601790329
50138985328   10155625770880329
50138985328   10155631020330329
50138985328   10155643178415329
50138985328   10155650569380329
50138985328   10155651563030329
50138985328   10155659788395329
50138985328   10155665870770329
50138985328   10155669746680329
50138985328   10155672012335329
50138985328   10155675879245329
50138985328   10155680121815329
50138985328   10155682943085329
50138985328   10155688325120329
50138985328   10155690160565329
50138985328   10155691637215329
50138985328   10155695389985329
50138985328   10155699780670329
50138985328   10155711149980329
50138985328   10155713894320329
50138985328   10155713906885329
50138985328   10155714060845329
50138985328   10155718658825329
50138985328   10155722652680329
50138985328   10155723277605329
50138985328   10155724881715329
50138985328   10155729592485329
50138985328   10155732449310329
50138985328   10155736238410329
50138985328   10155743824840329
50138985328   10155748428625329
50138985328   10155752779590329
50138985328   10155761770905329
50138985328   10155764635110329
50138985328   10155767671890329
50138985328   10155771632025329
50138985328   10155774835090329
50138985328   10155775497285329
50138985328   10155778503845329
50138985328   10155786600210329
50138985328   10155789345270329
50138985328   10155792871700329
50138985328   10155795845300329
50138985328   10155797140070329
50138985328   10155801130755329
50138985328   10155804301785329
50138985328   10155808369635329
50138985328   10155812547980329
50138985328   10155817263930329
50138985328   10155821923250329
50138985328   10155825616490329
50138985328   10155830624060329
50138985328   10155835813650329
50138985328   10155843119215329
50138985328   10155847039620329
50138985328   10155847640010329
50138985328   10155851204255329
50138985328   10155854292720329
50138985328   10155866882180329
50138985328   10155870582550329
50138985328   10155872223645329
50138985328   10155876437340329
50138985328   10155880989695329
50138985328   10155885154760329
50138985328   10155887696870329
50138985328   10155894855465329
50138985328   10155898320260329
50138985328   10155902391430329
50138985328   10155905648210329
50138985328   10155910146425329
50138985328   10155912226320329
50138985328   10155919730135329
50138985328   10155922813045329
50138985328   10155927462070329
50138985328   10155931567405329
50138985328   10155938388150329
50138985328   10155940596030329
50138985328   10155950374090329
50138985328   10155954168725329
50138985328   10155958874595329
50138985328   10155963846000329
50138985328   10155966419035329
50138985328   10155972516225329
50138985328   10155984199235329
50138985328   10155987360350329
50138985328   10155991626800329
50138985328   10155997158185329
50138985328   10156000645840329
50138985328   10156002773430329
50138985328   10156011245125329
50138985328   10156015031415329
50138985328   10156023142885329
50138985328   10156027736790329
50138985328   10156033688955329
50138985328   10156037608980329
50138985328   10156042577885329
50138985328   10156045888040329
50138985328   10156051055375329
50138985328   10156053218005329
50138985328   10156061341285329
50138985328   10156064352405329
50138985328   10156067289230329
50138985328   10156073053275329
50138985328   10156076489715329
50138985328   10156079969215329
50138985328   10156086913435329
50138985328   10156091457010329
50138985328   10156097665440329
50138985328   10156100827665329
50138985328   10156105563145329
50138985328   10156107657185329
50138985328   10156115377820329
50138985328   10156119607835329
50138985328   10156124514920329
50138985328   10156127952565329
50138985328   10156133735415329
50138985328   10156136187005329
50138985328   10156144779155329
50138985328   10156147783275329
50138985328   10156152597165329
50138985328   10156156961820329
50138985328   10156161799250329
50138985328   10156167339515329
50138985328   10156174181165329
50138985328   10156178116905329
50138985328   10156182900750329
50138985328   10156193328165329
50138985328   10156198863220329
50138985328   10156206865655329
50138985328   10156211318995329
50138985328   10156216793010329
50138985328   10156222403715329
50138985328   10156226227190329
50138985328   10156230208160329
50138985328   10156238057205329
50138985328   10156242811635329
50138985328   10156248762255329
50138985328   10156250227320329
50138985328   10156252431870329
50138985328   10156258696170329
50138985328   10156272024920329
50138985328   10156284890950329
50138985328   10156308298280329
50138985328   10156315574215329
50138985328   10156316904460329
50138985328   10156327079565329
50138985328   10156333396480329
50138985328   10156336564825329
50138985328   10156342286405329
50138985328   10156348641235329
50138985328   10156352713880329
50138985328   10156361217255329
50138985328   10156371448425329
50138985328   10156377239315329
50138985328   10156382943470329
50138985328   10156386196105329
50138985328   10156398968565329
50138985328   10156411099170329
50138985328   10156416350420329
50138985328   10156424056755329
50138985328   10156430148745329
50138985328   10156437958500329
50138985328   10156443186855329
50138985328   10156449130945329
50138985328   10156456311990329
50138985328   10156465198950329
50138985328   10156471645690329
50138985328   10156478265740329
50138985328   10156481606705329
50138985328   10156481664170329
50138985328   10156497967595329
50138985328   10156501438115329
50138985328   10156505582480329
50138985328   10156510854440329
50138985328   10156515835525329
50138985328   10156524416925329
50138985328   10156528864555329
50138985328   10156533582575329
50138985328   10156538392725329
50138985328   10156549480205329
50138985328   10156556475335329
50138985328   10156570774550329
50138985328   10156575418440329
50138985328   10156579551335329
50138985328   10156583305070329
50138985328   10156591653600329
50138985328   10156596181635329
50138985328   10156600689785329
50138985328   10156602575455329
50138985328   10156607361535329
50138985328   10156607929285329
50138985328   10156613700400329
50138985328   10156618535530329
50138985328   10156619107810329
50138985328   10156619131615329
50138985328   10156628526655329
50138985328   10156633930550329
50138985328   10156643478515329
50138985328   10156669898240329
50138985328   10156676279350329
50138985328   10156682466235329
50138985328   10156709703830329
50138985328   10156718593345329
50138985328   10156724999735329
50138985328   10156746794870329
50138985328   10156757081195329
50138985328   10156763406300329
50138985328   10156769941810329
50138985328   10156776580770329
50138985328   10156786841005329
50138985328   10156791037000329
50138985328   10156809404710329
50245567013   10100633750211616
50245567013   10154115558697014
50245567013   10154121197632014
50245567013   10154129586692014
50245567013   10154141378757014
50245567013   10154144227102014
50245567013   10154152827107014
50245567013   10154155888197014
50245567013   10154156607502014
50245567013   10154166714492014
50245567013   10154169351062014
50245567013   10154172644512014
50245567013   10154174891087014
50245567013   10154184094967014
50245567013   10154185974047014
50245567013   10154188741952014
50245567013   10154189498332014
50245567013   10154193146792014
50245567013   10154199594047014
50245567013   10154208244017014
50245567013   10154208878317014
50245567013   10154210266727014
50245567013   10154211280342014
50245567013   10154213590677014
50245567013   10154214327307014
50245567013   10154218072352014
50245567013   10154218857797014
50245567013   10154220871657014
50245567013   10154226971357014
50245567013   10154231878902014
50245567013   10154239055577014
50245567013   10154241027532014
50245567013   10154241595777014
50245567013   10154241861567014
50245567013   10154241873567014
50245567013   10154247484007014
50245567013   10154247585662014
50245567013   10154249426737014
50245567013   10154249954462014
50245567013   10154250762557014
50245567013   10154255262097014
50245567013   10154258886872014
50245567013   10154259186332014
50245567013   10154262441922014
50245567013   10154263350967014
50245567013   10154274054802014
50245567013   10154278572717014
50245567013   10154285098917014
50245567013   10154290805892014
