50245567013   10154295462052014
50245567013   10154305254422014
50245567013   10154316870687014
50245567013   10154321330357014
50245567013   10154325546617014
50245567013   10154331942877014
50245567013   10154335828667014
50245567013   10154338436012014
50245567013   10154341413047014
50245567013   10154341759677014
50245567013   10154350036482014
50245567013   10154359189467014
50245567013   10154367743052014
50245567013   10154370369412014
50245567013   10154379599462014
50245567013   10154381700847014
50245567013   10154384153717014
50245567013   10154384566922014
50245567013   10154386081952014
50245567013   10154389086057014
50245567013   10154391219262014
50245567013   10154391595737014
50245567013   10154394457847014
50245567013   10154396606192014
50245567013   10154405892192014
50245567013   10154418431957014
50245567013   10154419891652014
50245567013   10154421295022014
50245567013   10154425415542014
50245567013   10154425915222014
50245567013   10154428485437014
50245567013   10154429076752014
50245567013   10154431085467014
50245567013   10154431640972014
50245567013   10154437364967014
50245567013   10154440020462014
50245567013   10154443145012014
50245567013   10154454573502014
50245567013   10154454861742014
50245567013   10154457626672014
50245567013   10154468999157014
50245567013   10154479741362014
50245567013   10154481953462014
50245567013   10154485028117014
50245567013   10154485092852014
50245567013   10154486002547014
50245567013   10154488238227014
50245567013   10154491473262014
50245567013   10154494114302014
50245567013   10154497503207014
50245567013   10154502497007014
50245567013   10154506351652014
50245567013   10154509374327014
50245567013   10154512028022014
50245567013   10154514574262014
50245567013   10154517096777014
50245567013   10154523169912014
50245567013   10154533991977014
50245567013   10154543663822014
50245567013   10154549685342014
50245567013   10154553344702014
50245567013   10154555898197014
50245567013   10154561886062014
50245567013   10154565290207014
50245567013   10154568371832014
50245567013   10154570506522014
50245567013   10154573791317014
50245567013   10154577626752014
50245567013   10154593452842014
50245567013   10154597261262014
50245567013   10154597393877014
50245567013   10154599934677014
50245567013   10154600953877014
50245567013   10154610994707014
50245567013   10154611548392014
50245567013   10154614301187014
50245567013   10154621672792014
50245567013   10154624947647014
50245567013   10154625171067014
50245567013   10154627746277014
50245567013   10154634453732014
50245567013   10154636790737014
50245567013   10154643575617014
50245567013   10154643698107014
50245567013   10154658013897014
50245567013   10154662848797014
50245567013   10154667924472014
50245567013   10154672336892014
50245567013   10154686708317014
50245567013   10154690407717014
50245567013   10154696864782014
50245567013   10154709072827014
50245567013   10154711129117014
50245567013   10154717028457014
50245567013   10154717157142014
50245567013   10154730051527014
50245567013   10154744875392014
50245567013   10154745662437014
50245567013   10154748890337014
50245567013   10154758632302014
50245567013   10154764025122014
50245567013   10154776461632014
50245567013   10154779699222014
50245567013   10154780371687014
50245567013   10154782015622014
50245567013   10154787710517014
50245567013   10154790359837014
50245567013   10154795908302014
50245567013   10154801412967014
50245567013   10154806852187014
50245567013   10154827561822014
50245567013   10154829774017014
50245567013   10154832004447014
50245567013   10154832348212014
50245567013   10154838162572014
50245567013   10154840831737014
50245567013   10154844323037014
50245567013   10154845108757014
50245567013   10154851133712014
50245567013   10154866083482014
50245567013   10154870830472014
50245567013   10154871203162014
50245567013   10154871968702014
50245567013   10154873584747014
50245567013   10154887502872014
50245567013   10154888194422014
50245567013   10154890726277014
50245567013   10154890815542014
50245567013   10154901631852014
50245567013   10154901952527014
50245567013   10154903586302014
50245567013   10154904079537014
50245567013   10154906846207014
50245567013   10154907349517014
50245567013   10154912201932014
50245567013   10154917592717014
50245567013   10154918565847014
50245567013   10154926192962014
50245567013   10154930123457014
50245567013   10154930435102014
50245567013   10154940535942014
50245567013   10154941643812014
50245567013   10154944044402014
50245567013   10154947910602014
50245567013   10154949151052014
53960272605   10154169334902606
53960272605   10154169727752606
53960272605   10154175063402606
53960272605   10154180158452606
53960272605   10154180423292606
53960272605   10154185403547606
53960272605   10154185540867606
53960272605   10154187213897606
53960272605   10154192295227606
53960272605   10154194242242606
53960272605   10154194570887606
53960272605   10154194774622606
53960272605   10154196956357606
53960272605   10154201392642606
53960272605   10154203159277606
53960272605   10154203651622606
53960272605   10154203856957606
53960272605   10154208980682606
53960272605   10154211880667606
53960272605   10154214576227606
53960272605   10154217526507606
53960272605   10154220037102606
53960272605   10154220277937606
53960272605   10154223199227606
53960272605   10154225355747606
53960272605   10154225694397606
53960272605   10154228033472606
53960272605   10154231685577606
53960272605   10154235774142606
53960272605   10154240515697606
53960272605   10154242672472606
53960272605   10154243101122606
53960272605   10154245007817606
53960272605   10154247415437606
53960272605   10154247946262606
53960272605   10154249981432606
53960272605   10154252647222606
53960272605   10154255516102606
53960272605   10154255751682606
53960272605   10154257648452606
53960272605   10154258034707606
53960272605   10154260270067606
53960272605   10154263385387606
53960272605   10154264225427606
53960272605   10154267968522606
53960272605   10154271159997606
53960272605   10154273334602606
53960272605   10154273622197606
53960272605   10154276725387606
53960272605   10154281352432606
53960272605   10154281751737606
53960272605   10154283871837606
53960272605   10154286446082606
53960272605   10154288575637606
53960272605   10154291216952606
53960272605   10154291622172606
53960272605   10154293375842606
53960272605   10154293761787606
53960272605   10154294367597606
53960272605   10154297131862606
53960272605   10154300869772606
53960272605   10154301167477606
53960272605   10154301999952606
53960272605   10154304763967606
53960272605   10154307289897606
53960272605   10154314703082606
53960272605   10154315597837606
53960272605   10154320773182606
53960272605   10154322694002606
53960272605   10154324954412606
53960272605   10154327513837606
53960272605   10154329598742606
53960272605   10154329909232606
53960272605   10154330337352606
53960272605   10154332454567606
53960272605   10154334412762606
53960272605   10154337096982606
53960272605   10154342620287606
53960272605   10154345070387606
53960272605   10154347809087606
53960272605   10154350541532606
53960272605   10154353391977606
53960272605   10154353691577606
53960272605   10154354473367606
53960272605   10154356458867606
53960272605   10154359895502606
53960272605   10154362365077606
53960272605   10154365373272606
53960272605   10154367471702606
53960272605   10154368199447606
53960272605   10154369845987606
53960272605   10154372382197606
53960272605   10154374934312606
53960272605   10154380518072606
53960272605   10154385636897606
53960272605   10154386095437606
53960272605   10154388564757606
53960272605   10154388916052606
53960272605   10154391856887606
53960272605   10154394979657606
53960272605   10154397634827606
53960272605   10154402803677606
53960272605   10154405582347606
53960272605   10154408082392606
53960272605   10154410438832606
53960272605   10154410610797606
53960272605   10154410824727606
53960272605   10154411027842606
53960272605   10154413226562606
53960272605   10154418517892606
53960272605   10154420727487606
53960272605   10154423486142606
53960272605   10154423972157606
53960272605   10154426503852606
53960272605   10154430419367606
53960272605   10154433710147606
53960272605   10154442585257606
53960272605   10154445437912606
53960272605   10154445889387606
53960272605   10154448305342606
53960272605   10154451219657606
53960272605   10154452175972606
53960272605   10154454239212606
53960272605   10154460325542606
53960272605   10154464020832606
53960272605   10154465956467606
53960272605   10154469480042606
53960272605   10154471899642606
53960272605   10154472482592606
53960272605   10154475530947606
53960272605   10154480290362606
53960272605   10154482918357606
53960272605   10154485556607606
53960272605   10154488187652606
53960272605   10154493324612606
53960272605   10154496259077606
53960272605   10154498396192606
53960272605   10154501570347606
53960272605   10154504435722606
53960272605   10154507191482606
53960272605   10154509942822606
53960272605   10154514149152606
53960272605   10154520340597606
53960272605   10154523226187606
53960272605   10154523586707606
53960272605   10154525885532606
53960272605   10154526198502606
53960272605   10154528789807606
53960272605   10154529152332606
53960272605   10154531337212606
53960272605   10154531777387606
53960272605   10154532573247606
53960272605   10154534463377606
53960272605   10154539533912606
53960272605   10154543164172606
53960272605   10154543415892606
53960272605   10154546182797606
53960272605   10154546679877606
53960272605   10154549527117606
53960272605   10154552823712606
53960272605   10154556574102606
53960272605   10154561634362606
53960272605   10154564990262606
53960272605   10154566633887606
53960272605   10154567401867606
53960272605   10154569669892606
53960272605   10154570366567606
53960272605   10154572111072606
53960272605   10154573601212606
53960272605   10154583982052606
53960272605   10154586727952606
53960272605   10154589337507606
53960272605   10154589764667606
53960272605   10154601209127606
53960272605   10154607453082606
53960272605   10154611040417606
53960272605   10154611142102606
53960272605   10154615215297606
53960272605   10154616574057606
53960272605   10154616838322606
53960272605   10154616996777606
53960272605   10154617484177606
53960272605   10154622871512606
53960272605   10154625852127606
53960272605   10154628851407606
53960272605   10154629356102606
53960272605   10154632135917606
53960272605   10154634865322606
53960272605   10154637704032606
53960272605   10154643882332606
53960272605   10154649128672606
53960272605   10154650327927606
53960272605   10154653061717606
53960272605   10154653198552606
53960272605   10154664822707606
53960272605   10154668932782606
53960272605   10154670956547606
53960272605   10154675568617606
53960272605   10154679504532606
53960272605   10154682416002606
53960272605   10154690134052606
53960272605   10154701240547606
53960272605   10154701772887606
53960272605   10154704432962606
53960272605   10154707947627606
53960272605   10154714739697606
53960272605   10154718652767606
53960272605   10154721529207606
53960272605   10154722560127606
53960272605   10154724830662606
53960272605   10154728101997606
53960272605   10154733282122606
53960272605   10154739501692606
53960272605   10154742476617606
53960272605   10154745733727606
53960272605   10154746529587606
53960272605   10154749019612606
53960272605   10154752269287606
53960272605   10154755543212606
53960272605   10154755813587606
53960272605   10154762553462606
53960272605   10154769405437606
53960272605   10154773167247606
53960272605   10154773680037606
53960272605   10154779929332606
53960272605   10154785657527606
53960272605   10154787749777606
53960272605   10154790416052606
53960272605   10154790859842606
53960272605   10154793424277606
53960272605   10154795644862606
53960272605   10154796124007606
53960272605   10154796661252606
53960272605   10154798708462606
53960272605   10154798834702606
53960272605   10154804400267606
53960272605   10154807304267606
53960272605   10154809806457606
53960272605   10154810350992606
53960272605   10154813293972606
53960272605   10154815637592606
53960272605   10154816110597606
53960272605   10154823268927606
53960272605   10154825985912606
53960272605   10154826040617606
53960272605   10154828816422606
53960272605   10154829491542606
53960272605   10154831617162606
53960272605   10154834996507606
53960272605   10154837237022606
53960272605   10154842527407606
53960272605   10154845170142606
53960272605   10154847938337606
53960272605   10154848564292606
53960272605   10154850847012606
53960272605   10154853431767606
53960272605   10154853626852606
53960272605   10154854221612606
53960272605   10154856584812606
53960272605   10154856649972606
53960272605   10154861693587606
53960272605   10154864210557606
53960272605   10154866566267606
53960272605   10154867037682606
53960272605   10154867715327606
53960272605   10154870198617606
53960272605   10154873284542606
53960272605   10154876520942606
53960272605   10154882064132606
53960272605   10154884840547606
53960272605   10154887626647606
53960272605   10154887888347606
53960272605   10154890237337606
53960272605   10154890509087606
53960272605   10154893237747606
53960272605   10154895521407606
53960272605   10154895681342606
53960272605   10154898525097606
53960272605   10154903501372606
53960272605   10154905804837606
53960272605   10154908497557606
53960272605   10154911158722606
53960272605   10154913951877606
53960272605   10154914648077606
53960272605   10154922228872606
53960272605   10154925097337606
53960272605   10154925456367606
53960272605   10154928269472606
53960272605   10154928294927606
53960272605   10154931215487606
53960272605   10154934205162606
53960272605   10154937228332606
53960272605   10154939893417606
53960272605   10154942482767606
53960272605   10154942900897606
53960272605   10154945004292606
53960272605   10154945445782606
53960272605   10154947606952606
53960272605   10154948072577606
53960272605   10154948192332606
53960272605   10154950185007606
53960272605   10154950673137606
53960272605   10154950773622606
53960272605   10154953122292606
53960272605   10154953651182606
5585759167   10154905452089168
5585759167   10154908644754168
5585759167   10154908748164168
5585759167   10154917815584168
5585759167   10154918034444168
5585759167   10154920668034168
5585759167   10154921178634168
5585759167   10154921559954168
5585759167   10154921733314168
5585759167   10154921765524168
5585759167   10154927295074168
5585759167   10154927932729168
5585759167   10154929125649168
5585759167   10154930342954168
5585759167   10154936563389168
5585759167   10154936876809168
5585759167   10154938678404168
5585759167   10154941395384168
5585759167   10154942148559168
5585759167   10154947862679168
5585759167   10154951973469168
5585759167   10154960079749168
5585759167   10154960242934168
5585759167   10154960986104168
5585759167   10154962933254168
5585759167   10154963687784168
5585759167   10154963754439168
5585759167   10154966986229168
5585759167   10154969434799168
5585759167   10154972039874168
5585759167   10154976734994168
5585759167   10154984512999168
5585759167   10154985052234168
5585759167   10154985116449168
5585759167   10154989096364168
5585759167   10154990764399168
5585759167   10154992986904168
5585759167   10154993569924168
5585759167   10154993927504168
5585759167   10154996463854168
5585759167   10154996925364168
5585759167   10154997028149168
5585759167   10154999154699168
5585759167   10154999438184168
5585759167   10154999678764168
5585759167   10154999767514168
5585759167   10154999931144168
5585759167   10155007757559168
5585759167   10155011388429168
5585759167   10155013677289168
5585759167   10155014356824168
5585759167   10155014627959168
5585759167   10155016697594168
5585759167   10155017478729168
5585759167   10155017684494168
5585759167   10155020992874168
5585759167   10155021032089168
5585759167   10155024109009168
5585759167   10155028708769168
5585759167   10155029445004168
5585759167   10155031532339168
5585759167   10155032312624168
5585759167   10155032592794168
5585759167   10155034884039168
5585759167   10155035575719168
5585759167   10155035939649168
5585759167   10155037583204168
5585759167   10155038333709168
5585759167   10155041081599168
5585759167   10155041194529168
5585759167   10155044789629168
5585759167   10155049019059168
5585759167   10155049988849168
5585759167   10155052278614168
5585759167   10155052397239168
5585759167   10155053144724168
5585759167   10155055054094168
5585759167   10155055320159168
5585759167   10155056775614168
5585759167   10155059811739168
5585759167   10155060268469168
5585759167   10155060366794168
5585759167   10155060383094168
5585759167   10155061444549168
5585759167   10155065664244168
5585759167   10155073450314168
5585759167   10155073873609168
5585759167   10155076276159168
5585759167   10155076663499168
5585759167   10155076905544168
5585759167   10155078493649168
5585759167   10155081938134168
5585759167   10155082087099168
5585759167   10155082522889168
5585759167   10155085544614168
5585759167   10155085782674168
5585759167   10155088315154168
5585759167   10155094452399168
5585759167   10155094639644168
5585759167   10155096639539168
5585759167   10155096985509168
5585759167   10155098970229168
5585759167   10155099517019168
5585759167   10155099922939168
5585759167   10155099958789168
5585759167   10155099982889168
5585759167   10155102269209168
5585759167   10155102285324168
5585759167   10155102411099168
5585759167   10155105027374168
5585759167   10155105879634168
5585759167   10155114541669168
5585759167   10155115360294168
5585759167   10155115510894168
5585759167   10155115764044168
5585759167   10155118258159168
5585759167   10155121206499168
5585759167   10155122571014168
5585759167   10155122771664168
5585759167   10155122953859168
5585759167   10155127735154168
5585759167   10155127950294168
5585759167   10155128683734168
5585759167   10155131850774168
5585759167   10155136038289168
5585759167   10155136640519168
5585759167   10155143232674168
5585759167   10155147124379168
5585759167   10155147172949168
5585759167   10155147721359168
5585759167   10155149051264168
5585759167   10155149530354168
5585759167   10155152001524168
5585759167   10155152419774168
5585759167   10155152757429168
5585759167   10155155540609168
5585759167   10155156134119168
5585759167   10155158244204168
5585759167   10155158944454168
5585759167   10155159143859168
5585759167   10155159276384168
5585759167   10155159681644168
5585759167   10155159763929168
5585759167   10155167418454168
5585759167   10155168670849168
5585759167   10155168876204168
5585759167   10155168886414168
5585759167   10155171577994168
5585759167   10155171759429168
5585759167   10155175218364168
5585759167   10155175505464168
5585759167   10155177082559168
5585759167   10155177779919168
5585759167   10155178099634168
5585759167   10155180980554168
5585759167   10155181004939168
5585759167   10155181724424168
5585759167   10155181759304168
5585759167   10155181827019168
5585759167   10155190088079168
5585759167   10155190369889168
5585759167   10155190784459168
5585759167   10155190799544168
5585759167   10155193495814168
5585759167   10155195520549168
5585759167   10155196183159168
5585759167   10155197860649168
5585759167   10155198909249168
5585759167   10155199083944168
5585759167   10155199174554168
5585759167   10155201041039168
5585759167   10155201542829168
5585759167   10155201996879168
5585759167   10155210103219168
5585759167   10155210499134168
5585759167   10155210740209168
5585759167   10155210891379168
5585759167   10155212804099168
5585759167   10155213893899168
5585759167   10155214061564168
5585759167   10155216731789168
5585759167   10155217245159168
5585759167   10155217874679168
5585759167   10155220711809168
5585759167   10155221092849168
5585759167   10155224581324168
5585759167   10155225009809168
5585759167   10155225141959168
5585759167   10155225758639168
5585759167   10155235421129168
5585759167   10155236100529168
5585759167   10155236812304168
5585759167   10155236897304168
5585759167   10155239374809168
5585759167   10155239713569168
5585759167   10155242841864168
5585759167   10155243412129168
5585759167   10155246855779168
5585759167   10155249830879168
5585759167   10155250479794168
5585759167   10155250646714168
5585759167   10155253895419168
5585759167   10155254574414168
5585759167   10155260505339168
5585759167   10155261454649168
5585759167   10155261633379168
5585759167   10155263802179168
5585759167   10155264273909168
5585759167   10155267033044168
5585759167   10155268029224168
5585759167   10155268240789168
5585759167   10155272389229168
5585759167   10155275338204168
5585759167   10155278818184168
5585759167   10155285187309168
5585759167   10155285945354168
5585759167   10155288268814168
5585759167   10155289034859168
5585759167   10155289291459168
5585759167   10155293723424168
5585759167   10155295489924168
5585759167   10155298953894168
5585759167   10155299524074168
5585759167   10155299804119168
5585759167   10155299878844168
5585759167   10155311587544168
5585759167   10155312397749168
5585759167   10155312533129168
5585759167   10155315414539168
5585759167   10155319609204168
5585759167   10155319878119168
5585759167   10155321825639168
5585759167   10155322901129168
5585759167   10155324151354168
5585759167   10155326390284168
5585759167   10155326395979168
5585759167   10155326435134168
5585759167   10155326735349168
5585759167   10155334472884168
5585759167   10155335174094168
5585759167   10155335982709168
5585759167   10155338535739168
5585759167   10155339128914168
5585759167   10155339524294168
5585759167   10155341900169168
5585759167   10155342510894168
5585759167   10155345014179168
5585759167   10155345939349168
5585759167   10155346106659168
5585759167   10155348579139168
5585759167   10155349073364168
5585759167   10155359272204168
5585759167   10155361779124168
5585759167   10155361950674168
5585759167   10155362449369168
5585759167   10155362714944168
5585759167   10155365538809168
5585759167   10155368687749168
5585759167   10155372081804168
5585759167   10155374612929168
5585759167   10155374689579168
5585759167   10155380854804168
5585759167   10155380949059168
5585759167   10155381296284168
5585759167   10155383489489168
5585759167   10155384276934168
5585759167   10155384359364168
5585759167   10155386301279168
5585759167   10155386632949168
5585759167   10155386869729168
5585759167   10155387146494168
5585759167   10155387431264168
5585759167   10155390179274168
5585759167   10155393013719168
5585759167   10155393990649168
5585759167   10155393999414168
5585759167   10155394069254168
5585759167   10155397014874168
5585759167   10155397074329168
5585759167   10155405126219168
5585759167   10155405698099168
5585759167   10155405847984168
5585759167   10155408212704168
5585759167   10155408721399168
5585759167   10155408913904168
5585759167   10155409051449168
5585759167   10155409203229168
5585759167   10155411964054168
5585759167   10155412259804168
5585759167   10155412726834168
5585759167   10155415184469168
5585759167   10155416350129168
5585759167   10155418243089168
5585759167   10155418408299168
5585759167   10155421556934168
5585759167   10155425235789168
5585759167   10155425972799168
5585759167   10155426394339168
5585759167   10155429389954168
5585759167   10155429442394168
5585759167   10155429447129168
5585759167   10155431815674168
5585759167   10155432905464168
5585759167   10155434834499168
5585759167   10155435827489168
5585759167   10155437838624168
5585759167   10155438600289168
5585759167   10155439268344168
5585759167   10155439313474168
5585759167   10155439362919168
5585759167   10155442045534168
5585759167   10155445760084168
5585759167   10155448173574168
5585759167   10155448466779168
5585759167   10155448654729168
5585759167   10155448846244168
5585759167   10155449078314168
5585759167   10155451289364168
5585759167   10155451523854168
5585759167   10155452033264168
5585759167   10155452136484168
5585759167   10155455308939168
5585759167   10155458785549168
5585759167   10155459116834168
5585759167   10155459138389168
5585759167   10155462197049168
5585759167   10155462919744168
5585759167   10155463128959168
5585759167   10155465155564168
5585759167   10155465287869168
5585759167   10155468359144168
5585759167   10155471463769168
5585759167   10155472715504168
5585759167   10155476182874168
5585759167   10155476802764168
5585759167   10155477508044168
5585759167   10155480138684168
5585759167   10155480508749168
5585759167   10155483738074168
5585759167   10155483862224168
5585759167   10155484419614168
5585759167   10155489472719168
5585759167   10155489625899168
5585759167   10155489737299168
5585759167   10155498373709168
5585759167   10155499673104168
5585759167   10155501922184168
5585759167   10155502776124168
5585759167   10155505981924168
5585759167   10155507435544168
5585759167   10155509939029168
5585759167   10155514415154168
5585759167   10155515079554168
5585759167   10155515081384168
5585759167   10155515447764168
5585759167   10155515452944168
5585759167   10155518867264168
5585759167   10155527521014168
5585759167   10155534548844168
5585759167   10155535490639168
5585759167   10155535564629168
5585759167   10155538921809168
5585759167   10155539312609168
5585759167   10155551125914168
5585759167   10155551240739168
5585759167   10155554192434168
5585759167   10155557174809168
5585759167   10155557648374168
5585759167   10155560180749168
5585759167   10155564987714168
5585759167   10155569378519168
5585759167   10155569743044168
5585759167   10155579973619168
5585759167   10155580776239168
5585759167   10155580912234168
5585759167   10155581198759168
5585759167   10155584157864168
5585759167   10155584512099168
5585759167   10155585297804168
5585759167   10155587608754168
5585759167   10155591557649168
5585759167   10155592969104168
5585759167   10155596174124168
5585759167   10155596512119168
5585759167   10155596613004168
5585759167   10155607485709168
5585759167   10155607841934168
5585759167   10155611337609168
5585759167   10155615310134168
5585759167   10155615345159168
5585759167   10155615625914168
5585759167   10155615713734168
5585759167   10155618570204168
5585759167   10155620972524168
5585759167   10155621538129168
5585759167   10155624118914168
5585759167   10155624302079168
5585759167   10155629743954168
5585759167   10155630756589168
5585759167   10155631002704168
5585759167   10155631053449168
5585759167   10155636505249168
5585759167   10155639638659168
5585759167   10155641277914168
5585759167   10155641573519168
5585759167   10155651207724168
5585759167   10155652163464168
5585759167   10155654377789168
5585759167   10155654599564168
5585759167   10155655164704168
5585759167   10155655689369168
5585759167   10155657618434168
5585759167   10155658465469168
5585759167   10155658577044168
5585759167   10155658607959168
5585759167   10155660495549168
5585759167   10155660534819168
5585759167   10155664083569168
5585759167   10155664139719168
5585759167   10155673147064168
5585759167   10155675611619168
5585759167   10155676080024168
5585759167   10155678767284168
5585759167   10155681672129168
5585759167   10155681820539168
5585759167   10155684274084168
5585759167   10155684513559168
5585759167   10155686945124168
5585759167   10155687000529168
5585759167   10155695585664168
5585759167   10155697897619168
5585759167   10155698715254168
5585759167   10155702244349168
5585759167   10155704754669168
5585759167   10155713317339168
5585759167   10155713382054168
5585759167   10155718210979168
5585759167   10155718822129168
5585759167   10155720670769168
5585759167   10155721858804168
5585759167   10155725049379168
5585759167   10155727788659168
5585759167   10155727984164168
5585759167   10155728505429168
5585759167   10155739023199168
5585759167   10155739715799168
5585759167   10155739986764168
5585759167   10155742827474168
5585759167   10155745784669168
5585759167   10155748067294168
5585759167   10155748656009168
5585759167   10155755968679168
5585759167   10155758583099168
5585759167   10155759417549168
5585759167   10155761322379168
5585759167   10155762187714168
5585759167   10155764432119168
5585759167   10155764933634168
5585759167   10155765187424168
5585759167   10155767087754168
5585759167   10155767419109168
5585759167   10155768057164168
5585759167   10155775659589168
5585759167   10155777599184168
5585759167   10155780132684168
5585759167   10155782595354168
5585759167   10155786966214168
5585759167   10155788134824168
5585759167   10155790718304168
5585759167   10155790771724168
5585759167   10155792097764168
5585759167   10155792308194168
5585759167   10155800096519168
5585759167   10155800653764168
5585759167   10155803083899168
5585759167   10155805589459168
5585759167   10155805895104168
5585759167   10155808042574168
5585759167   10155808559374168
5585759167   10155810448939168
5585759167   10155810525464168
5585759167   10155811385574168
5585759167   10155811424614168
558934600793823   10108479051833970
558934600793823   10209010697246710
558934600793823   10209127233480043
558934600793823   10209175482926249
558934600793823   10209185345092797
558934600793823   10209204477371092
558934600793823   10209207285641297
558934600793823   10209308684256199
558934600793823   10209319166238242
558934600793823   10209328688756299
558934600793823   10209408174903403
558934600793823   10209436094121366
558934600793823   10209442087151188
558934600793823   10209442098031460
558934600793823   10209446014609372
558934600793823   10209599249400146
558934600793823   10209646950072633
558934600793823   10209665664700487
558934600793823   10209679208119064
558934600793823   10209717194388697
558934600793823   10209779540227304
558934600793823   10209804082960857
558934600793823   10209816028779495
558934600793823   10214837897280229
558934600793823   1320826091271333
558934600793823   1320867547933854
558934600793823   1326721414015134
558934600793823   1334742329879709
558934600793823   1342054159148526
558934600793823   1356934730993802
558934600793823   1356939137660028
558934600793823   1356942234326385
558934600793823   1364071276946814
558934600793823   1370949632925645
558934600793823   1370974429589832
558934600793823   1381076311912977
558934600793823   1381082165245725
558934600793823   1389455251075083
558934600793823   1389455694408372
558934600793823   1405602102793731
558934600793823   1407942785892996
558934600793823   1411446745542600
558934600793823   1414953388525269
558934600793823   1438677562819518
558934600793823   1455070701180204
558934600793823   1455073407846600
558934600793823   1455076931179581
558934600793823   1465352430152031
558934600793823   1466529670034307
558934600793823   1494255607261713
558934600793823   1571939122826694
558934600793823   1575531215800818
558934600793823   1576499725703967
558934600793823   1578455615508378
558934600793823   1589682067719066
558934600793823   1603793102974629
56805881344   10153564998181345
56805881344   10154031566371345
56805881344   10154032224861345
56805881344   10154032922616345
56805881344   10154034246321345
56805881344   10154034577341345
56805881344   10154034710856345
56805881344   10154034716996345
56805881344   10154035170321345
56805881344   10154035177586345
56805881344   10154035184581345
56805881344   10154035186831345
56805881344   10154035188676345
56805881344   10154035190411345
56805881344   10154035191776345
56805881344   10154035193011345
56805881344   10154035194486345
56805881344   10154035197131345
56805881344   10154039314471345
56805881344   10154041162891345
56805881344   10154041168626345
56805881344   10154043675556345
56805881344   10154048178346345
56805881344   10154048739001345
56805881344   10154048843496345
56805881344   10154048843806345
56805881344   10154048844331345
56805881344   10154048846181345
56805881344   10154048846866345
56805881344   10154048849211345
56805881344   10154048850106345
56805881344   10154048852171345
56805881344   10154048853041345
56805881344   10154048854176345
56805881344   10154048855416345
56805881344   10154051896281345
56805881344   10154054328831345
56805881344   10154069385426345
56805881344   10154070070966345
56805881344   10154070931526345
56805881344   10154071875301345
56805881344   10154071882061345
56805881344   10154071884221345
56805881344   10154071886101345
56805881344   10154071896476345
56805881344   10154071898711345
56805881344   10154071900916345
56805881344   10154071902316345
56805881344   10154071904396345
56805881344   10154071910001345
56805881344   10154071910846345
56805881344   10154071912656345
56805881344   10154071913946345
56805881344   10154071918066345
56805881344   10154071919341345
56805881344   10154071920491345
56805881344   10154071925026345
56805881344   10154071926071345
56805881344   10154071927566345
56805881344   10154071932836345
56805881344   10154071938246345
56805881344   10154071942921345
56805881344   10154071944526345
56805881344   10154071946671345
56805881344   10154071953046345
56805881344   10154071954776345
56805881344   10154071957816345
56805881344   10154078569801345
56805881344   10154094926371345
56805881344   10154095320056345
56805881344   10154097155626345
56805881344   10154097697056345
56805881344   10154099362551345
56805881344   10154099769636345
56805881344   10154107630781345
56805881344   10154110256051345
56805881344   10154110262256345
56805881344   10154110273236345
56805881344   10154110274756345
56805881344   10154110280741345
56805881344   10154110281481345
56805881344   10154110283646345
56805881344   10154110286271345
56805881344   10154110290591345
56805881344   10154110292961345
56805881344   10154110296491345
56805881344   10154110299016345
56805881344   10154110300321345
56805881344   10154110305196345
56805881344   10154110306821345
56805881344   10154110308486345
56805881344   10154110353006345
56805881344   10154110677811345
56805881344   10154113085291345
56805881344   10154113603896345
56805881344   10154115229441345
56805881344   10154115800696345
56805881344   10154117909131345
56805881344   10154117941356345
56805881344   10154117968811345
56805881344   10154118011646345
56805881344   10154120488741345
56805881344   10154120666501345
56805881344   10154120873331345
56805881344   10154120924886345
56805881344   10154121104731345
56805881344   10154129849856345
56805881344   10154129855876345
56805881344   10154129858271345
56805881344   10154129860466345
56805881344   10154129868141345
56805881344   10154129897631345
56805881344   10154129899006345
56805881344   10154129903551345
56805881344   10154130103831345
56805881344   10154137363246345
56805881344   10154137384481345
56805881344   10154137398656345
56805881344   10154146227341345
56805881344   10154146408541345
56805881344   10154146409746345
56805881344   10154146411651345
56805881344   10154146415606345
56805881344   10154146418931345
56805881344   10154146424021345
56805881344   10154146429776345
56805881344   10154146431236345
56805881344   10154146433391345
56805881344   10154146434676345
56805881344   10154146436441345
56805881344   10154146438426345
56805881344   10154146649871345
56805881344   10154163684571345
56805881344   10154163690011345
56805881344   10154163692041345
56805881344   10154163693881345
56805881344   10154163694956345
56805881344   10154163696896345
56805881344   10154163702341345
56805881344   10154163703811345
56805881344   10154163705086345
56805881344   10154163706311345
56805881344   10154175686406345
56805881344   10154175691711345
56805881344   10154175698531345
56805881344   10154175699676345
56805881344   10154175703806345
56805881344   10154175706856345
56805881344   10154175725156345
56805881344   10154175942926345
56805881344   10154179346441345
56805881344   10154179540606345
56805881344   10154179541696345
56805881344   10154179542456345
56805881344   10154179543416345
56805881344   10154179561671345
56805881344   10154179562791345
56805881344   10154179571916345
56805881344   10154179578871345
56805881344   10154179580276345
56805881344   10154179581286345
56805881344   10154182308326345
56805881344   10154182321251345
56805881344   10154182324611345
56805881344   10154196122686345
56805881344   10154198992801345
56805881344   10154202008686345
56805881344   10154202016756345
56805881344   10154205259996345
56805881344   10154208411081345
56805881344   10154208435631345
56805881344   10154210885936345
56805881344   10154211855351345
56805881344   10154211858316345
56805881344   10154211870206345
56805881344   10154215479091345
56805881344   10154217254466345
56805881344   10154217257946345
56805881344   10154220044051345
56805881344   10154220053096345
56805881344   10154221785081345
56805881344   10154221789776345
56805881344   10154224768021345
56805881344   10154225268831345
56805881344   10154225947441345
56805881344   10154225976886345
56805881344   10154225991436345
56805881344   10154225992121345
56805881344   10154225993016345
56805881344   10154225993721345
56805881344   10154225997621345
56805881344   10154227285326345
56805881344   10154229723316345
56805881344   10154230402931345
56805881344   10154235409061345
56805881344   10154235428021345
56805881344   10154235432891345
56805881344   10154235434421345
56805881344   10154235450961345
56805881344   10154235455281345
56805881344   10154235457866345
56805881344   10154235460466345
56805881344   10154235465941345
56805881344   10154235468166345
56805881344   10154235472631345
56805881344   10154235476001345
56805881344   10154235480236345
56805881344   10154238666286345
56805881344   10154240988551345
56805881344   10154249198126345
56805881344   10154254830556345
56805881344   10154258517231345
56805881344   10154260550736345
56805881344   10154260737931345
56805881344   10154263172321345
56805881344   10154263214471345
56805881344   10154263218421345
56805881344   10154263223641345
56805881344   10154263228261345
56805881344   10154263230536345
56805881344   10154263234551345
56805881344   10154263236711345
56805881344   10154263238371345
56805881344   10154263240536345
56805881344   10154263242846345
56805881344   10154263465126345
56805881344   10154263466121345
56805881344   10154263468171345
56805881344   10154263470031345
56805881344   10154263472771345
56805881344   10154263476526345
56805881344   10154267887591345
56805881344   10154287920786345
56805881344   10154287957581345
56805881344   10154287988076345
56805881344   10154290607701345
56805881344   10154291147406345
56805881344   10154293831946345
56805881344   10154293976031345
56805881344   10154293985321345
56805881344   10154293995131345
56805881344   10154293996176345
56805881344   10154293999136345
56805881344   10154293999681345
56805881344   10154294001311345
56805881344   10154297270191345
56805881344   10154347599916345
56805881344   10154349196816345
56805881344   10154357468566345
56805881344   10154360736461345
56805881344   10154363954111345
56805881344   10154363958301345
56805881344   10154390066846345
56805881344   10154390067461345
56805881344   10154390070391345
56805881344   10154390149201345
56805881344   10154390150131345
56805881344   10154390151096345
56805881344   10154398931661345
56805881344   10154406788291345
56805881344   10154408706021345
56805881344   10154411735321345
56805881344   10154411741336345
56805881344   10154414864611345
56805881344   10154416867241345
56805881344   10154416888996345
56805881344   10154419038851345
56805881344   10154420112611345
56805881344   10154422155741345
56805881344   10154422774796345
56805881344   10154425495631345
56805881344   10154425504636345
56805881344   10154428069501345
56805881344   10154428780996345
56805881344   10154430641576345
56805881344   10154431288581345
56805881344   10154433179366345
56805881344   10154433897766345
56805881344   10154436857911345
56805881344   10154437630056345
56805881344   10154440160526345
56805881344   10154440168746345
56805881344   10154443736741345
56805881344   10154443743881345
56805881344   10154446246631345
56805881344   10154446253761345
56805881344   10154446369186345
56805881344   10154448652806345
56805881344   10154448661646345
56805881344   10154452124261345
56805881344   10154452238211345
56805881344   10154452742151345
56805881344   10154454253186345
56805881344   10154454705881345
56805881344   10154457909911345
56805881344   10154458592416345
56805881344   10154460584261345
56805881344   10154460865081345
56805881344   10154463191256345
56805881344   10154463213586345
56805881344   10154465315361345
56805881344   10154465329441345
56805881344   10154469758931345
56805881344   10154472752826345
56805881344   10154474751011345
56805881344   10154477240171345
56805881344   10154477256406345
56805881344   10154477263076345
56805881344   10154480504071345
56805881344   10154480507166345
56805881344   10154483730176345
56805881344   10154485757266345
56805881344   10154486446706345
56805881344   10154486513846345
56805881344   10154486513856345
56805881344   10154488621816345
56805881344   10154488626326345
56805881344   10154491317856345
56805881344   10154491330371345
56805881344   10154494244931345
56805881344   10154494595671345
56805881344   10154496334851345
56805881344   10154496340901345
56805881344   10154499901211345
56805881344   10154499903781345
56805881344   10154502690251345
56805881344   10154502872631345
56805881344   10154504655056345
56805881344   10154505276166345
56805881344   10154507282776345
56805881344   10154507976386345
56805881344   10154510172281345
56805881344   10154510721671345
56805881344   10154512082146345
56805881344   10154513260186345
56805881344   10154515656821345
56805881344   10154515671426345
56805881344   10154517691931345
56805881344   10154520559641345
56805881344   10154521262591345
56805881344   10154522832741345
56805881344   10154522909511345
56805881344   10154523054731345
56805881344   10154523714936345
56805881344   10154526308161345
56805881344   10154527507491345
56805881344   10154527524951345
56805881344   10154527566731345
56805881344   10154527578581345
56805881344   10154527600991345
56805881344   10154527624531345
56805881344   10154527648131345
56805881344   10154527661996345
56805881344   10154527681626345
56805881344   10154527694496345
56805881344   10154527736571345
56805881344   10154527743226345
56805881344   10154528163571345
56805881344   10154528174661345
56805881344   10154528188541345
56805881344   10154528203696345
56805881344   10154528230246345
56805881344   10154528259921345
56805881344   10154528272301345
56805881344   10154528294911345
56805881344   10154531105201345
56805881344   10154531116566345
56805881344   10154531131321345
56805881344   10154551513011345
56805881344   10154558318186345
56805881344   10154562475611345
56805881344   10154564303531345
56805881344   10154564319006345
56805881344   10154564328116345
56805881344   10154567657251345
56805881344   10154567662991345
56805881344   10154567667716345
56805881344   10154569102066345
56805881344   10154571292451345
56805881344   10154572125421345
56805881344   10154573224256345
56805881344   10154573446756345
56805881344   10154573449261345
56805881344   10154573450451345
56805881344   10154573451376345
56805881344   10154573453716345
56805881344   10154573455361345
56805881344   10154573457926345
56805881344   10154573459626345
56805881344   10154573461281345
56805881344   10154573465276345
56805881344   10154573487716345
56805881344   10154573490351345
56805881344   10154573500171345
56805881344   10154573517246345
56805881344   10154573538641345
56805881344   10154573550246345
56805881344   10154574815156345
56805881344   10154578003821345
56805881344   10154578986986345
56805881344   10154578989801345
56805881344   10154583869321345
56805881344   10154585187191345
56805881344   10154585202501345
56805881344   10154585211071345
56805881344   10154585270786345
56805881344   10154585736971345
56805881344   10154585745871345
56805881344   10154585760001345
56805881344   10154585774631345
56805881344   10154586720916345
56805881344   10154588751031345
56805881344   10154588769296345
56805881344   10154591563441345
56805881344   10154594167906345
56805881344   10154598549991345
56805881344   10154608342531345
56805881344   10154608357201345
56805881344   10154610227971345
56805881344   10154610248411345
56805881344   10154610253871345
56805881344   10154610267986345
56805881344   10154610327136345
56805881344   10154610393981345
56805881344   10154610913356345
56805881344   10154610928596345
56805881344   10154610934266345
56805881344   10154610953616345
56805881344   10154610969836345
56805881344   10154610986646345
56805881344   10154611006656345
56805881344   10154611011216345
56805881344   10154611027501345
56805881344   10154611038646345
56805881344   10154611055166345
56805881344   10154611077846345
56805881344   10154611099281345
56805881344   10154632179541345
56805881344   10154645812651345
56805881344   10154650668691345
56805881344   10154650708141345
56805881344   10154653841686345
56805881344   10154655065906345
56805881344   10154655622821345
56805881344   10154655629936345
56805881344   10154658167741345
56805881344   10154658172711345
56805881344   10154660869181345
56805881344   10154663767511345
56805881344   10154664032331345
56805881344   10154665029071345
56805881344   10154665029981345
56805881344   10154667581396345
56805881344   10154667760086345
56805881344   10154667762741345
56805881344   10154667766186345
56805881344   10154667770846345
56805881344   10154667773956345
56805881344   10154667776826345
56805881344   10154667778861345
56805881344   10154667780756345
56805881344   10154667785406345
56805881344   10154667788891345
56805881344   10154667792166345
56805881344   10154667795381345
56805881344   10154667797651345
56805881344   10154667798836345
56805881344   10154667799841345
56805881344   10154667800416345
56805881344   10154667801036345
56805881344   10154668079836345
56805881344   10154668082481345
56805881344   10154668086496345
56805881344   10154668087326345
56805881344   10154668093896345
56805881344   10154668095666345
56805881344   10154668103146345
56805881344   10154668103691345
56805881344   10154668104401345
56805881344   10154668108686345
56805881344   10154668109516345
56805881344   10154668113186345
56805881344   10154668114011345
56805881344   10154668115796345
56805881344   10154668117921345
56805881344   10154668118991345
56805881344   10154668120386345
56805881344   10154668121866345
56805881344   10154668122931345
56805881344   10154678839951345
56805881344   10154685326366345
56805881344   10154685585186345
56805881344   10154687772171345
56805881344   10154697230316345
56805881344   10154697247816345
56805881344   10154698916771345
56805881344   10154699653466345
56805881344   10154699654651345
56805881344   10154699655966345
56805881344   10154706669006345
56805881344   10154709041206345
56805881344   10154709070601345
56805881344   10154718403291345
56805881344   10154720743051345
56805881344   10154720754506345
56805881344   10154720767621345
56805881344   10154720779741345
56805881344   10154720792761345
56805881344   10154720804386345
56805881344   10154720809476345
56805881344   10154720814726345
56805881344   10154720820491345
56805881344   10154720821776345
56805881344   10154720828336345
56805881344   10154720829441345
56805881344   10154720837026345
56805881344   10154720839756345
56805881344   10154720878796345
56805881344   10154720883426345
56805881344   10154720888481345
56805881344   10154720891526345
56805881344   10154720904161345
56805881344   10154720914121345
56805881344   10154720916816345
56805881344   10154720919241345
56805881344   10154720921301345
56805881344   10154720926496345
56805881344   10154720931996345
56805881344   10154720936636345
56805881344   10154721108601345
56805881344   10154721729881345
56805881344   10154722656826345
56805881344   10154722658656345
56805881344   10154722660031345
56805881344   10154722663256345
56805881344   10154722664881345
56805881344   10154722666376345
56805881344   10154722669186345
56805881344   10154722670341345
56805881344   10154722671756345
56805881344   10154722672991345
56805881344   10154722674671345
56805881344   10154722678641345
56805881344   10154722684356345
56805881344   10154722686776345
56805881344   10154722692696345
56805881344   10154722694051345
56805881344   10154722695491345
56805881344   10154722697676345
56805881344   10154722730911345
56805881344   10154722750531345
56805881344   10154722782326345
56805881344   10154722816661345
56805881344   10154723197661345
56805881344   10154723225846345
56805881344   10154723244461345
56805881344   10154723251596345
56805881344   10154723343856345
56805881344   10154723356431345
56805881344   10154737703421345
56805881344   10154737705256345
56805881344   10154737706056345
56805881344   10154739813871345
56805881344   10154752775071345
56805881344   10154755496026345
56805881344   10154757581481345
56805881344   10154765269606345
56805881344   10154772262946345
56805881344   10154775023276345
56805881344   10154790024026345
56805881344   10209967232602328
56805881344   10210068520694467
58028250774   10154817803885775
58028250774   10154827129770775
58028250774   10154827153040775
58028250774   10154827173815775
58028250774   10154827195255775
58028250774   10154888145105775
58028250774   10154892887095775
58028250774   10154907923565775
58028250774   10154907930130775
58028250774   10154911051835775
58028250774   10154913882510775
58028250774   10154916464880775
58028250774   10154920782260775
58028250774   10154922635735775
58028250774   10154924778740775
58028250774   10154924826385775
58028250774   10154930389070775
58028250774   10154934685810775
58028250774   10154938698665775
58028250774   10154942715580775
58028250774   10154942719350775
58028250774   10154942724650775
58028250774   10154950641655775
58028250774   10154953338240775
58028250774   10154956325690775
58028250774   10154959183920775
58028250774   10154960492905775
58028250774   10154963015020775
58028250774   10154963020630775
58028250774   10154968156015775
58028250774   10154976099155775
58028250774   10154993200520775
58028250774   10155004197100775
58028250774   10155010060375775
58028250774   10155027132820775
58028250774   10155030872090775
58028250774   10155044759825775
58028250774   10155057031535775
58028250774   10155075567080775
58028250774   10155094393895775
58028250774   10155102627665775
58028250774   10155132810905775
58028250774   10155147042655775
58028250774   10155147049235775
58028250774   10155147853960775
58028250774   10155193565040775
58028250774   10155200153960775
58028250774   10155215832690775
58028250774   10155219834970775
58028250774   10155222208500775
58028250774   10155228509440775
58028250774   10155239223120775
58028250774   10155271916465775
58028250774   10155289751905775
58028250774   10155361384350775
58028250774   10155382919810775
58028250774   10155428060680775
58028250774   10155448285590775
58028250774   10155452640300775
58028250774   10155470581335775
58028250774   10155478450995775
58028250774   10155486117930775
58028250774   10155502578205775
58028250774   10155572475925775
58028250774   10155597645910775
58028250774   10155696059435775
58028250774   429354980775689
59062845587   10154039077385588
59062845587   10154045389360588
59062845587   10154048098840588
59062845587   10154048205835588
59062845587   10154050740850588
59062845587   10154052993430588
59062845587   10154053012105588
59062845587   10154055217470588
59062845587   10154057914040588
59062845587   10154059899330588
59062845587   10154062692730588
59062845587   10154064368455588
59062845587   10154070962730588
59062845587   10154080886650588
59062845587   10154081437620588
59062845587   10154083849835588
59062845587   10154085561835588
59062845587   10154085616570588
59062845587   10154087913550588
59062845587   10154096709950588
59062845587   10154101423675588
59062845587   10154104884925588
59062845587   10154109614085588
59062845587   10154116199300588
59062845587   10154119190655588
59062845587   10154121381610588
59062845587   10154123439095588
59062845587   10154126981085588
59062845587   10154133425335588
59062845587   10154135698910588
59062845587   10154138340530588
59062845587   10154138413695588
59062845587   10154140411460588
59062845587   10154140727435588
59062845587   10154142528565588
59062845587   10154149531750588
59062845587   10154152437535588
59062845587   10154158154190588
59062845587   10154165663370588
59062845587   10154175692415588
59062845587   10154177678110588
59062845587   10154182476930588
59062845587   10154182707085588
59062845587   10154191104305588
59062845587   10154193057850588
59062845587   10154193453830588
59062845587   10154195348665588
59062845587   10154195973145588
59062845587   10154198528735588
59062845587   10154206577670588
59062845587   10154209404725588
59062845587   10154212339190588
59062845587   10154212457825588
59062845587   10154213285505588
59062845587   10154216588540588
59062845587   10154227863920588
59062845587   10154229702445588
59062845587   10154232178795588
59062845587   10154232317225588
59062845587   10154234925630588
59062845587   10154235017690588
59062845587   10154237614770588
59062845587   10154244233040588
59062845587   10154246758800588
59062845587   10154247812870588
59062845587   10154252280970588
59062845587   10154252348515588
59062845587   10154255017310588
59062845587   10154255462560588
59062845587   10154264746865588
59062845587   10154264850180588
59062845587   10154264858240588
59062845587   10154265582030588
59062845587   10154278870005588
59062845587   10154281020795588
59062845587   10154284054405588
59062845587   10154286758785588
59062845587   10154290719460588
59062845587   10154299683470588
59062845587   10154302114650588
59062845587   10154302185505588
59062845587   10154302283960588
59062845587   10154305480915588
59062845587   10154310552310588
59062845587   10154321110205588
59062845587   10154323792045588
59062845587   10154329834150588
59062845587   10154331558700588
59062845587   10154334452915588
59062845587   10154336712480588
59062845587   10154339975205588
59062845587   10154342580765588
59062845587   10154348114950588
59062845587   10154356137850588
59062845587   10154358660285588
59062845587   10154360788680588
59062845587   10154361371390588
59062845587   10154363302900588
59062845587   10154365653210588
59062845587   10154373385750588
59062845587   10154376143470588
59062845587   10154378440785588
59062845587   10154380831030588
59062845587   10154385111700588
59062845587   10154390352685588
59062845587   10154393312535588
59062845587   10154396101370588
59062845587   10154398753465588
59062845587   10154404003370588
59062845587   10154411519210588
59062845587   10154411968855588
59062845587   10154414236475588
59062845587   10154414306245588
59062845587   10154414540450588
59062845587   10154417179675588
59062845587   10154419300120588
59062845587   10154421983525588
59062845587   10154429916545588
59062845587   10154433055110588
59062845587   10154436012700588
59062845587   10154441174475588
59062845587   10154450111375588
59062845587   10154453032825588
59062845587   10154453110370588
59062845587   10154456384345588
59062845587   10154462017060588
59062845587   10154470416690588
59062845587   10154472945950588
59062845587   10154477944950588
59062845587   10154478049940588
59062845587   10154480823090588
59062845587   10154485865130588
59062845587   10154488875260588
59062845587   10154488939780588
59062845587   10154491589355588
59062845587   10154491722245588
59062845587   10154494676180588
59062845587   10154498442230588
59062845587   10154498803545588
59062845587   10154501159485588
59062845587   10154504140745588
59062845587   10154510084705588
59062845587   10154510097820588
59062845587   10154512988085588
59062845587   10154516352715588
59062845587   10154520002600588
59062845587   10154539958725588
59062845587   10154542851985588
59062845587   10154545888830588
59062845587   10154555570350588
59062845587   10154558514315588
59062845587   10154561552700588
59062845587   10154561915180588
59062845587   10154564533210588
59062845587   10154567883770588
59062845587   10154577555025588
59062845587   10154580536745588
59062845587   10154587226825588
59062845587   10154589696385588
59062845587   10154598601200588
59062845587   10154601587450588
59062845587   10154609209825588
59062845587   10154611456960588
59062845587   10154614065385588
59062845587   10154621309145588
59062845587   10154626081250588
59062845587   10154626455485588
59062845587   10154631525630588
59062845587   10154633811900588
59062845587   10154636544075588
59062845587   10154636706560588
59062845587   10154636733630588
59062845587   10154642007980588
59062845587   10154647092555588
59062845587   10154649682010588
59062845587   10154652749250588
59062845587   10154660137885588
59062845587   10154660467450588
59062845587   10154662929780588
59062845587   10154665039975588
59062845587   10154667396895588
59062845587   10154669833380588
59062845587   10154672160245588
59062845587   10154677077915588
59062845587   10154679458345588
59062845587   10154682009390588
59062845587   10154684580675588
59062845587   10154686844675588
59062845587   10154689057670588
59062845587   10154691159370588
59062845587   10154696189890588
59062845587   10154696427845588
59062845587   10154699475220588
59062845587   10154701249670588
59062845587   10154701827485588
59062845587   10154703810020588
59062845587   10154705929320588
59062845587   10154706336655588
59062845587   10154708840470588
59062845587   10154710926495588
59062845587   10154711448440588
59062845587   10154713358805588
59062845587   10154713671980588
59062845587   10154715817020588
59062845587   10154718050435588
59062845587   10154720490470588
59062845587   10154723079350588
59062845587   10154725538570588
59062845587   10154727496985588
59062845587   10154727592410588
59062845587   10154729712465588
59062845587   10154729830485588
59062845587   10154729830530588
59062845587   10154730075285588
59062845587   10154731932850588
59062845587   10154732124565588
59062845587   10154733974210588
59062845587   10154736400450588
59062845587   10154740633615588
59062845587   10154740769080588
59062845587   10154743300635588
59062845587   10154745719220588
59062845587   10154748046255588
59062845587   10154750765750588
59062845587   10154755318875588
59062845587   10154757822660588
59062845587   10154763363250588
59062845587   10154765935725588
59062845587   10154767776045588
59062845587   1309468879136411
59062845587   1495926893825380
59062845587   426818757695325
6053772414   10154504645292415
6053772414   10154504666187415
6053772414   10154504679037415
6053772414   10154521827602415
6053772414   10154541056507415
6053772414   10154544081667415
6053772414   10154544615662415
6053772414   10154546056002415
6053772414   10154546475077415
6053772414   10154546899302415
6053772414   10154548848377415
6053772414   10154549340862415
6053772414   10154549481602415
6053772414   10154549495622415
6053772414   10154549503847415
6053772414   10154549519347415
6053772414   10154558578297415
6053772414   10154558818047415
6053772414   10154561385277415
6053772414   10154561546652415
6053772414   10154561889632415
6053772414   10154562083087415
6053772414   10154564024707415
6053772414   10154564062052415
6053772414   10154564159487415
6053772414   10154567570207415
6053772414   10154568027907415
6053772414   10154570680392415
6053772414   10154578543327415
6053772414   10154581384392415
6053772414   10154583459682415
6053772414   10154586134342415
6053772414   10154586634142415
6053772414   10154588414447415
6053772414   10154588783817415
6053772414   10154598435287415
6053772414   10154603081577415
6053772414   10154606548992415
6053772414   10154606661527415
6053772414   10154609122267415
6053772414   10154609384272415
6053772414   10154609684602415
6053772414   10154609687822415
6053772414   10154609696192415
6053772414   10154618733697415
6053772414   10154619138572415
6053772414   10154622037572415
6053772414   10154622339432415
6053772414   10154624576907415
6053772414   10154627091572415
6053772414   10154627525277415
6053772414   10154627550457415
6053772414   10154627569842415
6053772414   10154627573692415
6053772414   10154629440982415
6053772414   10154629527997415
6053772414   10154629530177415
6053772414   10154635381312415
6053772414   10154636881407415
6053772414   10154637399752415
6053772414   10154640100432415
6053772414   10154640268407415
6053772414   10154640269632415
6053772414   10154642394557415
6053772414   10154642750137415
6053772414   10154643855862415
6053772414   10154643885062415
6053772414   10154643897987415
6053772414   10154643899157415
6053772414   10154645257697415
6053772414   10154645513082415
6053772414   10154648290712415
6053772414   10154653153952415
6053772414   10154654011682415
6053772414   10154655666767415
6053772414   10154658081057415
6053772414   10154660670912415
6053772414   10154660676752415
6053772414   10154661104717415
6053772414   10154667757712415
6053772414   10154667913557415
6053772414   10154667929457415
6053772414   10154667935187415
6053772414   10154667941317415
6053772414   10154667974947415
6053772414   10154668414367415
6053772414   10154675569072415
6053772414   10154680638742415
6053772414   10154682591717415
6053772414   10154686131462415
6053772414   10154692865047415
6053772414   10154694866242415
6053772414   10154695063507415
6053772414   10154695719757415
6053772414   10154696175052415
6053772414   10154697217102415
6053772414   10154697537427415
6053772414   10154697560657415
6053772414   10154699272902415
6053772414   10154699683482415
6053772414   10154702069477415
6053772414   10154702189267415
6053772414   10154702548262415
6053772414   10154702560492415
6053772414   10154702567027415
6053772414   10154702590847415
6053772414   10154713689342415
6053772414   10154714040287415
6053772414   10154716869147415
6053772414   10154720211967415
6053772414   10154720285692415
6053772414   10154720434202415
6053772414   10154720629417415
6053772414   10154720734842415
6053772414   10154733183962415
6053772414   10154733537387415
6053772414   10154733842292415
6053772414   10154733845582415
6053772414   10154735726342415
6053772414   10154740965677415
6053772414   10154741299187415
6053772414   10154741716792415
6053772414   10154742209742415
6053772414   10154743564687415
6053772414   10154745156897415
6053772414   10154754957622415
6053772414   10154757931217415
6053772414   10154757943357415
6053772414   10154757960542415
6053772414   10154758307027415
6053772414   10154760412212415
6053772414   10154760435892415
6053772414   10154760486622415
6053772414   10154760498322415
6053772414   10154773925457415
6053772414   10154776359297415
6053772414   10154779641662415
6053772414   10154779839327415
6053772414   10154780069502415
6053772414   10154780071417415
6053772414   10154780075852415
6053772414   10154782245702415
6053772414   10154782293447415
6053772414   10154785148292415
6053772414   10154789470642415
6053772414   10154790464477415
6053772414   10154793251447415
6053772414   10154796270352415
6053772414   10154803280137415
6053772414   10154803311142415
6053772414   10154803567757415
6053772414   10154812771807415
6053772414   10154815545727415
6053772414   10154818852417415
6053772414   10154821972797415
6053772414   10154824205357415
6053772414   10154825040257415
6053772414   10154827554657415
6053772414   10154827957042415
6053772414   10154830670002415
6053772414   10154839222172415
6053772414   10154841926862415
6053772414   10154841952717415
6053772414   10154841962247415
6053772414   10154844812747415
6053772414   10154852728412415
6053772414   10154853348567415
6053772414   10154856280852415
6053772414   10154859458597415
6053772414   10154861836592415
6053772414   10154861842177415
6053772414   10154861854032415
6053772414   10154861855142415
6053772414   10154861932547415
6053772414   10154864887392415
6053772414   10154872483632415
6053772414   10154872488312415
6053772414   10154872492062415
6053772414   10154872494062415
6053772414   10154872496412415
6053772414   10154872498947415
6053772414   10154872502177415
6053772414   10154890851477415
6053772414   10154891191997415
6053772414   10154891195197415
6053772414   10154891196447415
6053772414   10154891198387415
6053772414   10154891201027415
6053772414   10154891204197415
6053772414   10154891206097415
6053772414   10154908321412415
6053772414   10154913896932415
6053772414   10154914063122415
6053772414   10154918798862415
6053772414   10154918800282415
6053772414   10154918803582415
6053772414   10154918805497415
6053772414   10154953558812415
6053772414   10154953593527415
6053772414   10154953859997415
6053772414   10154953875227415
6053772414   10154953877797415
6053772414   10154953882157415
6053772414   10154955889672415
6053772414   10154958954002415
6053772414   10154959101112415
6053772414   10154959120937415
6053772414   10154959128997415
6053772414   10154959154312415
6053772414   10154959256172415
6053772414   10154959267462415
6053772414   10154959378657415
6053772414   10154981508637415
6053772414   10155005195687415
6053772414   10155008081217415
6053772414   10155025749277415
6053772414   10155030927832415
6053772414   10155031075592415
6053772414   10155034842317415
6053772414   10155049757292415
6053772414   10155056431177415
6053772414   10155060046947415
6053772414   10155064428912415
6053772414   10155080521887415
6053772414   10155085753282415
6053772414   10155085763297415
6053772414   10155085769247415
6053772414   10155085786727415
6053772414   10155085793267415
6053772414   10155085797967415
6053772414   10155085804487415
6053772414   10155125892847415
6053772414   10155131561362415
6053772414   10155134817727415
6053772414   10155145871692415
6053772414   10155148314042415
6053772414   10155148317762415
6053772414   10155171705212415
6053772414   10155172074567415
6053772414   10155172084377415
6053772414   10155183258652415
6053772414   10155187986852415
6053772414   10155188045702415
6053772414   10155188183547415
6053772414   10155214661542415
6053772414   10155214669857415
6053772414   10155234855092415
6053772414   10155242759902415
6053772414   10155242784732415
6053772414   10155242801092415
6053772414   10155242804542415
6053772414   10155242815682415
6053772414   10155242834147415
6053772414   10155244594887415
6053772414   10155247704552415
6053772414   10155247716337415
6053772414   10155252516692415
6053772414   10155269998292415
6053772414   10155270008057415
6053772414   10155270019627415
6053772414   10155270024737415
6053772414   10155270028587415
6053772414   10155270031822415
6053772414   10155270620667415
6053772414   10155282111792415
6053772414   10155289852087415
6053772414   10155290816557415
6053772414   10155306838067415
6053772414   10155307927382415
6053772414   1619351174750055
6053772414   1619351921416647
6053772414   1619352971416542
6053772414   1625502337468272
6053772414   1705621769456328
6053772414   1705640979454407
6053772414   1712855858732919
6053772414   1728245883860583
60686173217   10154431696178218
60686173217   10154466333558218
60686173217   10154471420353218
60686173217   10154471444873218
60686173217   10154471735313218
60686173217   10154476844833218
60686173217   10154478978683218
60686173217   10154479041023218
60686173217   10154479122723218
60686173217   10154479216313218
60686173217   10154479298773218
60686173217   10154479663348218
60686173217   10154489457008218
60686173217   10154489971383218
60686173217   10154496780448218
60686173217   10154497635673218
60686173217   10154497699558218
60686173217   10154497728473218
60686173217   10154511298823218
60686173217   10154511306053218
60686173217   10154514707458218
60686173217   10154514751788218
60686173217   10154514775628218
60686173217   10154514868823218
60686173217   10154516955193218
60686173217   10154517028853218
60686173217   10154529299468218
60686173217   10154534361593218
60686173217   10154539033338218
60686173217   10154539041673218
60686173217   10154541748393218
60686173217   10154541795418218
60686173217   10154541798483218
60686173217   10154541866538218
60686173217   10154541894323218
60686173217   10154543483778218
60686173217   10154543532723218
60686173217   10154543612943218
60686173217   10154543664228218
60686173217   10154544126383218
60686173217   10154561022293218
60686173217   10154562773623218
60686173217   10154562817843218
60686173217   10154562946848218
60686173217   10154563016758218
60686173217   10154571532433218
60686173217   10154580696643218
60686173217   10154582505403218
60686173217   10154583147058218
60686173217   10154583151563218
60686173217   10154583178963218
60686173217   10154583275058218
60686173217   10154603319648218
60686173217   10154603366228218
60686173217   10154603458098218
60686173217   10154611335218218
60686173217   10154616813383218
60686173217   10154619816858218
60686173217   10154621394543218
60686173217   10154621422518218
60686173217   10154621465628218
60686173217   10154624955748218
60686173217   10154629068683218
60686173217   10154631565118218
60686173217   10154631830778218
60686173217   10154633795578218
60686173217   10154637113193218
60686173217   10154639514138218
60686173217   10154658857308218
60686173217   10154658931273218
60686173217   10154663761928218
60686173217   10154663806943218
60686173217   10154675379828218
60686173217   10154675477928218
60686173217   10154675739148218
60686173217   10154678194128218
60686173217   10154681132673218
60686173217   10154683615018218
60686173217   10154683680548218
60686173217   10154685854953218
60686173217   10154686346113218
60686173217   10154696520063218
60686173217   10154702841193218
60686173217   10154703403198218
60686173217   10154720705013218
60686173217   10154722868593218
60686173217   10154722917968218
60686173217   10154722976708218
60686173217   10154723005178218
60686173217   10154726039313218
60686173217   10154726903358218
60686173217   10154736738703218
60686173217   10154740023923218
60686173217   10154740148363218
60686173217   10154740185528218
60686173217   10154742698048218
60686173217   10154743575418218
60686173217   10154747336688218
60686173217   10154747447783218
60686173217   10154747653198218
60686173217   10154756471843218
60686173217   10154756654688218
60686173217   10154756716408218
60686173217   10154759922573218
60686173217   10154765389948218
60686173217   10154766248613218
60686173217   10154781467298218
60686173217   10154781763513218
60686173217   10154782162138218
60686173217   10154784486473218
60686173217   10154807148543218
60686173217   10154809949788218
60686173217   10154810044548218
60686173217   10154812538218218
60686173217   10154812569928218
60686173217   10154826794708218
60686173217   10154826947298218
60686173217   10154827041048218
60686173217   10154829875963218
60686173217   10154829880023218
60686173217   10154829979918218
60686173217   10154833045193218
60686173217   10154846926963218
60686173217   10154847224743218
60686173217   10154852585523218
60686173217   10154853183853218
60686173217   10154867742553218
60686173217   10154868422553218
60686173217   10154868537448218
60686173217   10154870746798218
60686173217   10154870853183218
60686173217   10154873717048218
60686173217   10154881658708218
60686173217   10154881840653218
60686173217   10154881863533218
60686173217   10154887699043218
60686173217   10154890494833218
60686173217   10154909575383218
60686173217   10154909699618218
60686173217   10154910019133218
60686173217   10154915796713218
60686173217   10154915902613218
60686173217   10154929589163218
60686173217   10154929740378218
60686173217   10154935518893218
60686173217   10154935553753218
60686173217   10154935924813218
60686173217   10154938133163218
60686173217   10154938226858218
60686173217   10154938557558218
60686173217   10154938586763218
60686173217   10154947671358218
60686173217   10154948328898218
60686173217   10154953637498218
60686173217   10154954027953218
60686173217   10154954102138218
60686173217   10154956386818218
60686173217   10154956976168218
60686173217   10154959755278218
60686173217   10154974352123218
60686173217   10154974671973218
60686173217   10154974788888218
60686173217   10154975103913218
60686173217   10154992574033218
60686173217   10154993963673218
60686173217   10154996817133218
60686173217   10154997144423218
60686173217   10154997220958218
60686173217   10155001218578218
60686173217   10155001274838218
60686173217   10155022488463218
60686173217   10155026086428218
60686173217   10155026304943218
60686173217   10155026418088218
60686173217   10155026664043218
60686173217   10155029027308218
60686173217   10155029479163218
60686173217   10155029656268218
60686173217   10155041929638218
60686173217   10155042096788218
60686173217   10155042259798218
60686173217   10155042620063218
60686173217   10155042924968218
60686173217   10155044923343218
60686173217   10155045029088218
60686173217   10155054357483218
60686173217   10155063880938218
60686173217   10155064687043218
60686173217   10155064735618218
60686173217   10155067019603218
60686173217   10155067084293218
60686173217   10155070530698218
60686173217   10155070804453218
60686173217   10155070944033218
60686173217   10155071303858218
60686173217   10155076853248218
60686173217   10155076882978218
60686173217   10155076917123218
60686173217   10155076989973218
60686173217   10155088016343218
60686173217   10155088062568218
60686173217   10155090381278218
60686173217   10155094446883218
60686173217   10155098242663218
60686173217   10155118379378218
60686173217   10155120357943218
60686173217   10155129080063218
60686173217   10155130660138218
60686173217   10155130827153218
60686173217   10155130827223218
60686173217   10155133820748218
60686173217   10155136843898218
60686173217   10155139143373218
60686173217   10155139503863218
60686173217   10155147163878218
60686173217   10155155245593218
60686173217   10155155599883218
60686173217   10155174590618218
60686173217   10155176798878218
60686173217   10155183987858218
60686173217   10155185002808218
60686173217   10155185332978218
60686173217   10155187323668218
60686173217   10155190647363218
60686173217   10155192554433218
60686173217   10155192980188218
60686173217   10155193155673218
60686173217   10155193197378218
60686173217   10155193293003218
60686173217   10155193542898218
60686173217   10155193589928218
60686173217   10155193872298218
60686173217   10155195239013218
60686173217   10155195923613218
60686173217   10155196349498218
60686173217   10155198373573218
60686173217   10155199010463218
60686173217   10155200750188218
60686173217   10155203999978218
60686173217   10155205886063218
60686173217   10155206729778218
60686173217   10155211114843218
60686173217   10155213836083218
60686173217   10155214611253218
60686173217   10155214924628218
60686173217   10155216995203218
60686173217   10155216998333218
60686173217   10155219849288218
60686173217   10155221063838218
60686173217   10155222148623218
60686173217   10155223762763218
60686173217   10155224545198218
60686173217   10155228629228218
60686173217   10155230800368218
60686173217   10155230931578218
60686173217   10155231377743218
60686173217   10155231706388218
60686173217   10155241435538218
60686173217   10155243673273218
60686173217   10155250086953218
60686173217   10155250333083218
60686173217   10155258092493218
60686173217   10155259344553218
60686173217   10155261430278218
60686173217   10155261555118218
60686173217   10155262862978218
60686173217   10155263933628218
60686173217   10155265895043218
60686173217   10155266226833218
60686173217   1609916449035023
60774464809   10154627222939810
60774464809   10154627233819810
60774464809   10154831721129810
60774464809   10154896644249810
60774464809   10154911466214810
60774464809   10154917088969810
60774464809   10154917094274810
60774464809   10154917845184810
60774464809   10154919842014810
60774464809   10154920258569810
60774464809   10154923210164810
60774464809   10154928445009810
60774464809   10154931153769810
60774464809   10154933755959810
60774464809   10154939193534810
60774464809   10154942919659810
60774464809   10154943168939810
60774464809   10154954062144810
60774464809   10154957189164810
60774464809   10154960048869810
60774464809   10154973623214810
60774464809   10154983891894810
60774464809   10154990102924810
60774464809   10154990195899810
60774464809   10154990926439810
60774464809   10154990960884810
60774464809   10154997870784810
60774464809   10155001757984810
60774464809   10155004230669810
60774464809   10155007005254810
60774464809   10155007506979810
60774464809   10155010546274810
60774464809   10155010558089810
60774464809   10155011033734810
60774464809   10155019068974810
60774464809   10155021696779810
60774464809   10155025001329810
60774464809   10155027810589810
60774464809   10155030412299810
60774464809   10155039791954810
60774464809   10155042483099810
60774464809   10155043740809810
60774464809   10155045453059810
60774464809   10155049561254810
60774464809   10155050553794810
60774464809   10155051557714810
60774464809   10155054976464810
60774464809   10155054997614810
60774464809   10155063805629810
60774464809   10155063837944810
60774464809   10155063968169810
60774464809   10155066748649810
60774464809   10155078509114810
60774464809   10155083701274810
60774464809   10155084273794810
60774464809   10155086442249810
60774464809   10155089029349810
60774464809   10155089481984810
60774464809   10155089490669810
60774464809   10155091529809810
60774464809   10155095901549810
60774464809   10155099781404810
60774464809   10155105803999810
60774464809   10155105819289810
60774464809   10155105855274810
60774464809   10155109098054810
60774464809   10155109107824810
60774464809   10155109579084810
60774464809   10155119903299810
60774464809   10155120856194810
60774464809   10155130868639810
60774464809   10155131263984810
60774464809   10155131288014810
60774464809   10155131766574810
60774464809   10155131776069810
60774464809   10155139858689810
60774464809   10155139861699810
60774464809   10155139881834810
60774464809   10155152677504810
60774464809   10155152729894810
60774464809   10155152737804810
60774464809   10155152749484810
60774464809   10155155929164810
60774464809   10155174895799810
60774464809   10155175805629810
60774464809   10155175810099810
60774464809   10155175840449810
60774464809   10155175847394810
60774464809   10155186458439810
60774464809   10155186475394810
60774464809   10155194771059810
60774464809   10155194852344810
60774464809   10155200892119810
60774464809   10155201392569810
60774464809   10155205022549810
60774464809   10155206824239810
60774464809   10155209878869810
60774464809   10155221023219810
60774464809   10155224120674810
60774464809   10155224145254810
60774464809   10155224378224810
60774464809   10155227339109810
60774464809   10155230596834810
60774464809   10155234443244810
60774464809   10155234825359810
60774464809   10155245385689810
60774464809   10155245755694810
60774464809   10155252438814810
60774464809   10155257122774810
60774464809   10155258579504810
60774464809   10155259357809810
60774464809   10155259678644810
60774464809   10155268156589810
60774464809   10155273899354810
60774464809   10155277194529810
60774464809   10155280238219810
60774464809   10155280303779810
60774464809   10155280767314810
60774464809   10155280937304810
60774464809   10155290151339810
60774464809   10155291037809810
60774464809   10155293287434810
60774464809   10155293705999810
60774464809   10155295612974810
60774464809   10155296072679810
60774464809   10155298580099810
60774464809   10155303020249810
60774464809   10155310673869810
60774464809   10155310739174810
60774464809   10155314762884810
60774464809   10155316638494810
60774464809   10155317092599810
60774464809   10155319461404810
60774464809   10155319467509810
60774464809   10155319483324810
60774464809   10155322800499810
60774464809   10155323529839810
60774464809   10155328863299810
60774464809   10155331698479810
60774464809   10155334916219810
60774464809   10155335654254810
60774464809   10155338606669810
60774464809   10155341357074810
60774464809   10155344129799810
60774464809   10155344151249810
60774464809   10155356781249810
60774464809   10155357694204810
60774464809   10155358032354810
60774464809   10155360165949810
60774464809   10155364306174810
60774464809   10155364381749810
60774464809   10155364448694810
60774464809   10155367376884810
60774464809   10155379049884810
60774464809   10155381901464810
60774464809   10155386031514810
60774464809   10155389154949810
60774464809   10155389664974810
60774464809   10155390300044810
60774464809   10155392438319810
60774464809   10155404012654810
60774464809   10155407638794810
60774464809   10155408071964810
60774464809   10155411581629810
60774464809   10155414889659810
60774464809   10155415101154810
60774464809   10155415790194810
60774464809   10155418362904810
60774464809   10155418364509810
60774464809   10155418365559810
60774464809   10155418367569810
60774464809   10155418368599810
60774464809   10155418378319810
60774464809   10155429908414810
60774464809   10155433720549810
60774464809   10155437848294810
60774464809   10155438405699810
60774464809   10155441457404810
60774464809   10155442879619810
60774464809   10155444858839810
60774464809   10155444867924810
60774464809   10155452963334810
60774464809   10155455795139810
60774464809   10155459503619810
60774464809   10155463659299810
60774464809   10155465553389810
60774464809   10155467662519810
60774464809   10155471720829810
60774464809   10155474836559810
60774464809   10155481606404810
60774464809   10155485331154810
60774464809   10155489674494810
60774464809   10155489920474810
60774464809   10155491321374810
60774464809   10155494725039810
60774464809   10155500056829810
60774464809   10155503063279810
60774464809   10155507447104810
60774464809   10155515904069810
60774464809   10155524293589810
60774464809   10155534870419810
60774464809   10155539132514810
60774464809   10155541840899810
60774464809   10155546070084810
60774464809   10155549134564810
60774464809   10155549719894810
60774464809   10155553277249810
60774464809   10155553653119810
60774464809   10155554214544810
60774464809   10155558974329810
60774464809   10155565198114810
60774464809   10155568514029810
60774464809   10155572532829810
60774464809   10155576446904810
60774464809   10155579584864810
60774464809   10155580525274810
60774464809   10155590259474810
60774464809   10155595467014810
60774464809   10155597151304810
60774464809   10155597598049810
60774464809   10155598259479810
60774464809   10155600929269810
60774464809   10155601703969810
60774464809   10155604491599810
60774464809   10155613703164810
60774464809   10155614815499810
60774464809   10155616217124810
60774464809   10155619473189810
60774464809   10155622257829810
60774464809   10155622642939810
60774464809   10155634675104810
60774464809   10155637724899810
60774464809   10155639027459810
60774464809   10155641287409810
60774464809   10155643892379810
60774464809   10155644492279810
60774464809   10155656597354810
60774464809   10155659569374810
60774464809   10155662339234810
60774464809   10155663373989810
60774464809   10155663765074810
60774464809   10155665212229810
60774464809   10155669038964810
60774464809   10155676750729810
60774464809   10155679547189810
60774464809   10155682338634810
60774464809   10155686148384810
60774464809   10155688646834810
60774464809   10155690853764810
60774464809   10155694915104810
60774464809   10155697819964810
60774464809   10155700472419810
60774464809   10155701210864810
60774464809   10155701385444810
60774464809   10155703276114810
60774464809   10155706283229810
60774464809   10155707309659810
60774464809   10155709648544810
60774464809   10155709723254810
60774464809   10155710210999810
60774464809   10155711931739810
60774464809   10155718588444810
60774464809   10155719162054810
60774464809   10155725044474810
60774464809   10155725636919810
60774464809   10155727398704810
60774464809   10155729777864810
60774464809   10155731264914810
60774464809   10155731267209810
60774464809   10155732384874810
60774464809   10155738101489810
60774464809   10155738618224810
60774464809   10155741660349810
60774464809   10155741998594810
60774464809   10155743266794810
60774464809   10155744048184810
60774464809   10155748636229810
60774464809   10155749112274810
60774464809   10155749113479810
60774464809   10155751254629810
60774464809   10155757019489810
60774464809   10155759563109810
60774464809   10155762528304810
60774464809   10155765795549810
60774464809   10155767937684810
60774464809   10155776415799810
60774464809   10155779260064810
60774464809   10155781776319810
60774464809   10155784531359810
60774464809   10155787082204810
60774464809   10155789803354810
60774464809   1882558318698915
61494007098   10153234159152099
61494007098   10154300206262099
61494007098   10154303789682099
61494007098   10154309209142099
61494007098   10154311821127099
61494007098   10154318197567099
61494007098   10154320926637099
61494007098   10154323349862099
61494007098   10154326058007099
61494007098   10154327011532099
61494007098   10154329948162099
61494007098   10154334021802099
61494007098   10154334657307099
61494007098   10154336409102099
61494007098   10154339518842099
61494007098   10154342218247099
61494007098   10154344263527099
61494007098   10154359022492099
61494007098   10154366662207099
61494007098   10154367732922099
61494007098   10154373648432099
61494007098   10154382018627099
61494007098   10154391032777099
61494007098   10154397138792099
61494007098   10154399506587099
61494007098   10154402310672099
61494007098   10154402690392099
61494007098   10154412856407099
61494007098   10154417939382099
61494007098   10154419948862099
61494007098   10154422074567099
61494007098   10154435304987099
61494007098   10154435433847099
61494007098   10154443991952099
61494007098   10154445835532099
61494007098   10154447886897099
61494007098   10154454551847099
61494007098   10154458554567099
61494007098   10154465358607099
61494007098   10154471516097099
61494007098   10154478111427099
61494007098   10154478274272099
61494007098   10154490567207099
61494007098   10154495850582099
61494007098   10154498223592099
61494007098   10154503428582099
61494007098   10154503889562099
61494007098   10154506527747099
61494007098   10154508351272099
61494007098   10154511032942099
61494007098   10154519030777099
61494007098   10154522589512099
61494007098   10154527669347099
61494007098   10154530200897099
61494007098   10154533434562099
61494007098   10154536014847099
61494007098   10154536642897099
61494007098   10154538826777099
61494007098   10154544036572099
61494007098   10154556117582099
61494007098   10154557539437099
61494007098   10154563916112099
61494007098   10154567787632099
61494007098   10154582032302099
61494007098   10154582104257099
61494007098   10154593911367099
61494007098   10154596455932099
61494007098   10154599434482099
61494007098   10154600765967099
61494007098   10154612633717099
61494007098   10154612725677099
61494007098   10154614876157099
61494007098   10154617121772099
61494007098   10154620439907099
61494007098   10154624565122099
61494007098   10154624637797099
61494007098   10154624747907099
61494007098   10154630055412099
61494007098   10154638060647099
61494007098   10154642316787099
61494007098   10154644064117099
61494007098   10154644381282099
61494007098   10154648868352099
61494007098   10154652015187099
61494007098   10154654783402099
61494007098   10154655185162099
61494007098   10154658184747099
61494007098   10154662569707099
61494007098   10154665396767099
61494007098   10154667646727099
61494007098   10154673926487099
61494007098   10154674029522099
61494007098   10154675456447099
61494007098   10154678559132099
61494007098   10154680296682099
61494007098   10154683430952099
61494007098   10154685387422099
61494007098   10154688674702099
61494007098   10154691892492099
61494007098   10154694478732099
61494007098   10154695607987099
61494007098   10154696388887099
61494007098   10154698612612099
61494007098   10154703472607099
61494007098   10154711597002099
61494007098   10154711608742099
61494007098   10154714051792099
61494007098   10154726342477099
61494007098   10154742355562099
61494007098   10154745687412099
61494007098   10154750603737099
61494007098   10154752291407099
61494007098   10154758825282099
61494007098   10154760601032099
61494007098   10154779712922099
61494007098   10154779899817099
61494007098   10154780005902099
61494007098   10154780278647099
61494007098   10154788339242099
61494007098   10154801125082099
61494007098   10154809689452099
61494007098   10154812998182099
61494007098   10154816748502099
61494007098   10154817648562099
61494007098   10154820987617099
61494007098   10154824152352099
61494007098   10154824177132099
61494007098   10154824217417099
61494007098   10154824290242099
61494007098   10154824302532099
61494007098   10154831948627099
61494007098   10154849231957099
61494007098   10154858813257099
61494007098   10154858824717099
61494007098   10154859205457099
61494007098   10154861301097099
61494007098   10154865476992099
61494007098   10154867569837099
61494007098   10154872053247099
61494007098   10154882407327099
61494007098   10154886831562099
61494007098   10154889439197099
61494007098   10154891979742099
61494007098   10154892485602099
61494007098   10154893339492099
61494007098   10154894871647099
61494007098   10154905811457099
61494007098   10154908896642099
61494007098   10154912057322099
61494007098   10154912109947099
61494007098   10154917778412099
61494007098   10154927653517099
61494007098   10154933787907099
61494007098   10154934048102099
61494007098   10154936302277099
61494007098   10154947412782099
61494007098   10154950422347099
61494007098   10154952955002099
61494007098   10154960357892099
61494007098   10154960386642099
61494007098   10154963769527099
61494007098   10154968914382099
61494007098   10154975203707099
61494007098   10154980149702099
61494007098   10154983248287099
61494007098   10154987746907099
61494007098   10154991077432099
61494007098   10154993352407099
61494007098   10154994061072099
61494007098   10155001221782099
61494007098   10155004055682099
61494007098   10155006543547099
61494007098   10155006599522099
61494007098   10155009477787099
61494007098   10155012100302099
61494007098   10155020928667099
61494007098   10155027095912099
61494007098   10155028893542099
61494007098   10155032738507099
61494007098   10155032740242099
61494007098   10155043600852099
61494007098   10155046186942099
61494007098   10155056694812099
61494007098   10155061971387099
61494007098   10155065194677099
61494007098   10155068184877099
61494007098   10155068919227099
61494007098   10155071150597099
61494007098   10155071415462099
61494007098   10155075712127099
61494007098   10155078571677099
61494007098   10155083001987099
61494007098   10155083889537099
63445693036   10154509786033037
63445693036   10154517867913037
63445693036   10154529122468037
63445693036   10154531852378037
63445693036   10154537161598037
63445693036   10154537176643037
63445693036   10154537245218037
63445693036   10154550124113037
63445693036   10154550352108037
63445693036   10154552290483037
63445693036   10154554988183037
63445693036   10154558242578037
63445693036   10154560663333037
63445693036   10154563641653037
63445693036   10154565254338037
63445693036   10154567830283037
63445693036   10154570658548037
63445693036   10154571578693037
63445693036   10154573820163037
63445693036   10154575018038037
63445693036   10154582617993037
63445693036   10154582700308037
63445693036   10154582929778037
63445693036   10154582978423037
63445693036   10154583019593037
63445693036   10154583205698037
63445693036   10154586885648037
63445693036   10154596685093037
63445693036   10154599226693037
63445693036   10154599665393037
63445693036   10154601915518037
63445693036   10154602723678037
63445693036   10154603051333037
63445693036   10154605420583037
63445693036   10154607765288037
63445693036   10154608293343037
63445693036   10154610757313037
63445693036   10154611091033037
63445693036   10154613335238037
63445693036   10154616418878037
63445693036   10154620043143037
63445693036   10154626321688037
63445693036   10154626738433037
63445693036   10154627194793037
63445693036   10154629483968037
63445693036   10154629752503037
63445693036   10154630009148037
63445693036   10154630060908037
63445693036   10154638400323037
63445693036   10154639075488037
63445693036   10154641836263037
63445693036   10154644322988037
63445693036   10154647047518037
63445693036   10154650658943037
63445693036   10154650929988037
63445693036   10154654498718037
63445693036   10154657249173037
63445693036   10154659873093037
63445693036   10154663413443037
63445693036   10154663510668037
63445693036   10154663719828037
63445693036   10154663927363037
63445693036   10154664415298037
63445693036   10154670284733037
63445693036   10154671341203037
63445693036   10154675000353037
63445693036   10154681898418037
63445693036   10154685211903037
63445693036   10154686345473037
63445693036   10154688778343037
63445693036   10154689276193037
63445693036   10154689513808037
63445693036   10154692013493037
63445693036   10154695230713037
63445693036   10154695634528037
63445693036   10154698359148037
63445693036   10154698506458037
63445693036   10154698674908037
63445693036   10154698772283037
63445693036   10154701701378037
63445693036   10154704454163037
63445693036   10154707851938037
63445693036   10154710801073037
63445693036   10154711445228037
63445693036   10154715074118037
63445693036   10154721127268037
63445693036   10154721318678037
63445693036   10154724361013037
63445693036   10154725004923037
63445693036   10154729973783037
63445693036   10154730768863037
63445693036   10154733513923037
63445693036   10154733889378037
63445693036   10154736892948037
63445693036   10154737575493037
63445693036   10154737728583037
63445693036   10154737937698037
63445693036   10154741795633037
63445693036   10154742239433037
63445693036   10154742253528037
63445693036   10154742631473037
63445693036   10154745286478037
63445693036   10154745354348037
63445693036   10154745399823037
63445693036   10154745426108037
63445693036   10154745702793037
63445693036   10154745812988037
63445693036   10154745834763037
